-0.423159,-0.367682,-0.419263,-0.337015,-0.408474,-0.427564,-0.502602,-0.416379,-0.42547,-0.517624,-0.475338,-0.48535,-0.501678,-0.354385,-0.512955,-0.429888,-0.391451,-0.440548,-0.461473,-0.394229	-0.00677712,0.0104442,-0.0112242,-0.0589289,-0.0126425,-0.0202904,0.024064,-0.0187749,-0.0399219,-0.0221652,-0.0169611,0.0182913,-0.028694	-0.412276,-0.373461,-0.417617,-0.378388,-0.372362,-0.352428,-0.4346,-0.489032,-0.41365,-0.377374,-0.620045,-0.447935,-0.41125,-0.457981,-0.375572,-0.502729,-0.395609,-0.381529,-0.465614,-0.443421,-0.37697
0.0748004,-0.0205323,-0.0311686,0.0890293,-0.0203077,0.0528476,0.0248971,0.0499973,0.109758,0.153077,0.267431,0.0821835,0.0474538,-0.0906398,0.089892,-0.0448577,0.0180071,0.129416,0.0554671,0.0265007	0.0301385,0.0136127,0.0843066,0.00282744,0.0495399,-0.0285046,0.075278,0.0369654,0.109329,0.365067,0.0717308,-0.0253271,0.00914825,0.0717772,-0.0162735,0.0314803,0.119547,0.059274,0.0361974	0.0448205,-0.0256564,-0.0598173,0.0238302,-0.0078994,0.00227519,-0.0257878,0.051962,-0.0580655,-0.0180628,0.00196649,0.0465332,-0.00583309,-0.0137845,0.0084634,-0.0361258,-0.0251098,0.0031202,0.0278107
0.53865,0.490984,0.475257,0.506938,0.467211,0.532387,0.49762,0.522302,0.504698,0.540271,0.495297,0.617974,0.512556,0.487638,0.472081,0.503461,0.528214,0.564146,0.514772,0.485746,0.572609,0.553619,0.506125	0.526542,0.49161,0.481379,0.513585,0.459499,0.492425,0.487843,0.553499,0.501532,0.528385,0.513878,0.594584,0.531508,0.498583,0.450118,0.478698,0.501793,0.532569,0.50371,0.490662,0.587621,0.539585,0.507517	0.00514637,-0.00161511,0.00081413,0.0220789,0.00327202,-0.00737468,0.00148041,0.00398287,0.00112844,0.0231967,0.0262189,0.0141945,-0.00703922,0.0103827
0.218042,0.173556,0.163735,0.241026,0.184665,0.159842,0.272818,0.2406,0.262481,0.208353,0.454129,0.201267,0.189722,0.15132,0.188542,0.213699,0.164586,0.274738,0.212646,0.212429	0.252769,0.222075,0.198385,0.223833,0.223573,0.171128,0.274551,0.239523,0.283267,0.365864,0.324583,0.235616,0.220416,0.234904,0.24918,0.168822,0.277849,0.256262,0.256876	-0.0309534,-0.0511184,-0.0189283,-0.009595,-0.0228922,-0.00619535,0.0142871,-0.0545915,-0.0366627,-0.0173409,-0.0141346,-0.0702363,-0.00740162,-0.0476599,-0.0503552,0.00547532,-0.0535315
-0.139076,-0.184629,-0.132342,-0.0998012,-0.169242,-0.0938929,-0.106395,-0.194509,-0.0440589,-0.225649,-0.128301,-0.0486675,-0.183552,-0.118485,-0.0890811,-0.0899999,-0.0163162,-0.100257	0.0155858,0.0340942,0.0616445,0.0354851,-0.023098,0.0357692,0.0328197,0.0549585,-0.010253,0.059376,0.0293257,0.00560596,0.0568816,0.0482777,0.0524604,0.0118117	-0.155112,-0.22868,-0.16997,-0.164201,-0.161735,-0.0906825,-0.125094,-0.232074,-0.115281,-0.215337,-0.130847,-0.120616,-0.235959,-0.0784566,-0.175193,-0.13671,-0.112799,-0.116853
0.111472,0.0697951,-0.0183466,0.161454,0.000318151,0.0333266,0.0649353,0.140523,0.087402,0.109396,0.14116,0.368465,0.22683,0.11664,0.103158,-0.0345723,0.101919,0.0848608,0.0738281,0.0293627,0.220588,0.18437,0.0424351	0.248393,0.191927,0.200539,0.218032,0.168451,0.158502,0.242224,0.221694,0.267593,0.330025,0.351749,0.240679,0.181594,0.185056,0.274369,0.180266,0.17897,0.320184,0.210815,0.224779	-0.105804,-0.180228,-0.174565,-0.112169,-0.17906,-0.0847276,-0.123834,-0.0874853,-0.142785,-0.0879394,-0.0805481,-0.115662,-0.0850413,-0.190656,-0.129871,-0.184437,-0.152797,-0.0677827,-0.0856932,-0.145045
0.103656,0.0349833,-0.160305,0.137383,-0.0542587,-0.00690367,0.013237,0.0850194,0.0513155,0.158971,0.0409539,0.421748,0.0959914,0.0370958,0.0878707,-0.121676,0.0923284,-0.0087454,0.080664,0.0665377,0.147721,0.0851696,0.0505932	0.236901,0.188967,0.212156,0.137231,0.184298,0.113485,0.247217,0.159425,0.264417,0.450553,0.224663,0.18961,0.145709,0.21499,0.218437,0.202899,0.286272,0.188075,0.166872	-0.112924,-0.22298,-0.245323,-0.121822,-0.208797,-0.101527,-0.135351,-0.139231,-0.132951,-0.122933,-0.0878903,-0.135227,-0.113082,-0.240257,-0.141359,-0.22617,-0.17565,-0.140993,-0.0513,-0.138688
0.0681247,0.0550389,0.0805938,0.0441808,-0.0209691,0.039054,0.0336977,0.0405349,0.0115746,-0.00593531,0.0022386,0.0439633,0.009708,0.0382544,0.0618606,0.0267502,0.057959	-0.379334,-0.332556,-0.281103,-0.354345,-0.3263,-0.371715,-0.357432,-0.499847,-0.382619,-0.393659,-0.440211,-0.489941,-0.510479,-0.417107,-0.39366,-0.338372,-0.557103,-0.284197,-0.34431,-0.412152,-0.379732,-0.395892	0.441707,0.361845,0.343415,0.430834,0.37031,0.349643,0.372709,0.468757,0.478981,0.418824,0.339333,0.623189,0.425667,0.495512,0.495929,0.304546,0.395503,0.558439,0.293464,0.372816,0.47089,0.433166,0.402796,0.43614
-0.00742675,0.0155927,-0.0105696,-0.0160642,0.00511149,-0.00446592,0.0242899,-0.0122443,-0.0100777,0.00045418,0.00092492,0.0136359,-0.00234575	-0.428767,-0.358592,-0.403789,-0.361675,-0.372379,-0.425964,-0.454125,-0.438713,-0.450871,-0.442952,-0.519208,-0.498761,-0.427914,-0.399534,-0.431327,-0.535687,-0.397538,-0.400294,-0.434068,-0.403226	0.416543,0.37107,0.406937,0.38825,0.368303,0.376181,0.452783,0.475869,0.410988,0.377448,0.615539,0.454987,0.426385,0.483962,0.345629,0.510189,0.455287,0.3873,0.439056,0.442907,0.398865
-0.0133748,0.000429979,0.0314884,-0.019688,-0.0298366,0.00544768,-0.014885,0.00527018,-0.0357965,-0.0355424,-0.00117299,-0.00677125,0.00872092,0.022524,-0.0158167	-0.415179,-0.339428,-0.370803,-0.361573,-0.350923,-0.412123,-0.440677,-0.475112,-0.434298,-0.393711,-0.573349,-0.486085,-0.431752,-0.428556,-0.376481,-0.527513,-0.356216,-0.329523,-0.444132,-0.431291,-0.417573	0.398057,0.356758,0.355194,0.411003,0.365861,0.328939,0.385098,0.515347,0.402645,0.411606,0.476826,0.512089,0.487468,0.386052,0.404588,0.371738,0.536371,0.325019,0.363312,0.463771,0.425376,0.360942
-0.0503632,-0.0143839,-0.0123957,-0.0698759,-0.0363157,-0.00658364,-0.032515,-0.0111,-0.0528174,-0.0501596,-0.0391709,-0.0160372,-0.0427847,-0.00737291,0.0179868	-0.326427,-0.19644,-0.30432,-0.251348,-0.293505,-0.310254,-0.432846,-0.247611,-0.240096,-0.548456,-0.33583,-0.386388,-0.331106,-0.235779,-0.46517,-0.29687,-0.319279,-0.330398,-0.291106	0.279364,0.188797,0.256967,0.239803,0.253382,0.24997,0.333783,0.388606,0.214358,0.2905,0.483889,0.331393,0.310717,0.29967,0.206703,0.473409,0.187704,0.220035,0.395742,0.36591,0.32996
0.0187108,-0.0359057,0.0372989,-0.0172847,-0.0319472,-0.0140562,0.00478534,-0.0459077,0.026095,-0.018184,-0.0752179,-0.0543859,-0.0190674,-2.53509e-05,-0.0325152,0.00755817,0.0207888,-0.0224812	-0.33541,-0.284518,-0.233742,-0.360564,-0.24423,-0.32882,-0.345559,-0.451721,-0.358765,-0.292077,-0.536902,-0.450045,-0.490096,-0.434367,-0.256625,-0.343995,-0.46325,-0.31722,-0.278676,-0.37126,-0.422427,-0.31631	0.353968,0.261232,0.227672,0.394106,0.216684,0.238805,0.33243,0.396923,0.428422,0.332587,0.309267,0.497837,0.46829,0.435175,0.331972,0.387282,0.205477,0.441801,0.340535,0.340686,0.248459,0.398874,0.432878,0.276601
0.020993,-0.0382441,0.012719,-0.0157214,0.0116095,-0.0323721,0.0022645,-0.0252615,0.0212042,-0.00712697,-0.0691838,-0.0562363,-0.0526361,0.0114943,-0.038668,-0.019006,0.0346819,-0.00533782,0.00284663	-0.330031,-0.236654,-0.21003,-0.330325,-0.203086,-0.319382,-0.314536,-0.440473,-0.331231,-0.266495,-0.549544,-0.409035,-0.455588,-0.471607,-0.150681,-0.358608,-0.411748,-0.31414,-0.25357,-0.352913,-0.363047,-0.358825	0.348458,0.230563,0.152179,0.372074,0.179079,0.214152,0.32475,0.380636,0.413123,0.306886,0.280051,0.513911,0.44342,0.431427,0.301937,0.345936,0.169177,0.430072,0.319617,0.308041,0.224488,0.370381,0.403205,0.293993
0.0449426,0.0247004,0.0891449,0.021599,0.105009,-0.00654933,0.092317,0.054539,0.136628,0.344344,0.123344,0.0348291,0.00274005,0.100448,0.0433899,0.0600246,0.137855,0.0658791,0.0423048	0.0746219,-0.00381106,-0.0145365,0.0983467,0.0110882,0.0746919,0.0415253,0.085406,0.0966355,0.0680487,0.370698,0.111311,0.0410392,-0.0189276,0.0423602,0.0249312,0.0559875,0.09266,0.0893271,0.0645578,0.0515097	-0.0325631,0.0246611,0.0549284,-0.0229497,0.0155088,0.0320561,-0.00209131,-0.0402333,0.057442,0.0264089,0.0046374,-0.0265185,-0.00970952,0.072171,-0.021735,0.0742408,0.00726797,-0.000903004,0.0153702,0.00889574
0.0905675,0.107423,0.0167091,0.165482,0.0225345,0.0901609,0.0417578,0.117343,0.120868,0.116562,0.274244,0.25261,0.093071,0.153775,0.00350624,0.112466,0.0180986,0.0756236,0.185374,0.0885428,0.105993,0.106232	0.165471,0.107575,0.010292,0.187484,0.0265076,0.114546,0.0447196,0.113407,0.147138,0.1201,0.251764,0.321807,0.150978,0.165306,0.0463132,0.112805,0.0628119,0.101849,0.0824251,0.193204,0.105262,0.145221	-0.0719411,-0.016774,0.0180262,-0.0317474,-0.0183264,-0.0101415,-0.00231714,-0.0205431,0.00465657,-0.00920928,-0.0238526,-0.0518648,-0.0387463,0.00932281,-0.0412418,-0.0111126,-0.0227144,-0.00699743,-0.0115918,-0.0671081
-0.17976,-0.156524,-0.143299,-0.126037,-0.164919,-0.174306,-0.045913,-0.179372,-0.183508,-0.016115,-0.260969,-0.168579,-0.0865221,-0.205504,-0.0644468,-0.111805,-0.120636,-0.0788847,-0.0870691,-0.112458	0.00056897,0.0548335,0.0020066,0.0276138,-0.0189107,-0.0115507,0.0494061,-0.0451692,0.0581287,-0.0141209,-0.0124982,0.0394145,-0.0169153,0.0709504,-0.0116045,0.0253833,0.0200987,-0.00423834	-0.183427,-0.191295,-0.157104,-0.161766,-0.139447,-0.138728,-0.11911,-0.119369,-0.209889,-0.141104,-0.134236,-0.165908,-0.160582,-0.153518,-0.176876,-0.11384,-0.130191,-0.147166,-0.0978079,-0.0811644,-0.149456
0.142357,0.131661,0.169274,0.101721,0.309652,0.0922685,0.0297071,0.316069,0.148655,0.183224,0.159071,0.213772,0.258541,0.35518,0.42577,0.320012,0.108429,0.263097,0.034125,0.190568,0.00873292,0.0854015,0.160658,0.0853038,0.221372,0.17546,0.178233,0.184624	0.30907,0.286992,0.223822,0.286871,0.354049,0.24285,0.389297,0.238815,0.262758,0.32034,0.274335,0.307569,0.45662,0.469725,0.389671,0.208535,0.403097,0.145781,0.303835,0.15942,0.26263,0.146952,0.357891,0.187418,0.312377,0.311198	-0.151272,-0.143498,-0.130967,-0.0974668,-0.187656,-0.129696,-0.116624,-0.115195,-0.0985335,-0.0873448,-0.068889,-0.0912291,-0.149931,-0.111663,-0.133333,-0.137679,-0.166114,-0.0880289,-0.125197,-0.0409166,-0.129042,-0.137231
0.186473,0.117137,0.135926,0.0637293,0.313944,0.0972755,0.00482272,0.35214,0.123859,0.172677,0.179838,0.194061,0.246464,0.320368,0.507265,0.320129,0.204057,0.0757113,0.257328,0.0138208,0.210883,-0.0122518,0.155732,0.0724603,0.273924,0.169964,0.157655,0.222946	0.341264,0.324922,0.244054,0.343614,0.354885,0.275448,0.41796,0.260653,0.268209,0.337027,0.317123,0.325472,0.497002,0.512383,0.399774,0.223541,0.434492,0.193882,0.332051,0.181964,0.289207,0.199112,0.398405,0.229188,0.354205,0.397212	-0.155493,-0.196743,-0.209519,-0.124627,-0.19733,-0.166014,-0.157583,-0.116808,-0.132303,-0.122944,-0.0765644,-0.117089,-0.177507,-0.13625,-0.205897,-0.15429,-0.183718,-0.130112,-0.171228,-0.0659746,-0.148243,-0.128497
0.230102,0.218249,0.206552,0.267819,0.200122,0.217311,0.269839,0.30801,0.231685,0.241402,0.421584,0.317202,0.217595,0.220456,0.148984,0.300949,0.10417,0.170701,0.343001,0.295289,0.199685	0.284953,0.247545,0.244325,0.250539,0.246923,0.261968,0.295312,0.231588,0.345633,0.354254,0.40062,0.288344,0.224696,0.22172,0.344159,0.186335,0.210361,0.357456,0.298686,0.289294	-0.0493553,-0.0555219,-0.0151753,-0.0105778,-0.0489871,-0.00488157,0.0238634,-0.061857,-0.0542129,-0.00623721,-0.034088,-0.0677018,-0.0447971,-0.0757799,-0.0298918,-0.00760703,-0.0671876
-0.153922,-0.170771,-0.119758,-0.116689,-0.144005,-0.104754,-0.0443014,-0.217561,-0.0780277,-0.168933,-0.131783,-0.0179649,-0.204874,-0.106096,-0.159385,-0.0703439,-0.0267313,-0.0907839	0.0223839,0.0468664,0.0559199,0.0577111,0.000396004,0.0539928,0.0206036,0.065021,0.025579,0.059395,0.0535176,0.0110906,0.0639252,0.0664646,0.0572168,0.0367027	-0.171365,-0.226339,-0.1684,-0.172236,-0.1753,-0.120248,-0.0938043,-0.237002,-0.141292,-0.207144,-0.133292,-0.112615,-0.247077,-0.109061,-0.20247,-0.137259,-0.0981001,-0.141189
0.118507,0.105223,-0.000893622,0.207251,0.0440705,-0.00535946,0.159444,0.149554,0.175227,0.0611217,0.211942,0.278461,0.330951,0.217046,0.0706825,0.0464577,0.0422949,0.151483,-0.0598384,0.147566,0.221899,0.231851,0.140834,0.0947071	0.270536,0.209321,0.240577,0.23594,0.215692,0.237206,0.284277,0.200178,0.315592,0.323475,0.440426,0.274372,0.172273,0.193197,0.268058,0.239243,0.214861,0.342357,0.288754,0.220327	-0.1196,-0.177295,-0.175394,-0.108349,-0.185927,-0.130868,-0.0981158,-0.107026,-0.137093,-0.106061,-0.0787811,-0.114679,-0.0874872,-0.22519,-0.133208,-0.232312,-0.108893,-0.106513,-0.0604281,-0.160385
0.122824,0.0223307,-0.0987302,0.171399,-0.00827256,-0.0764215,0.119698,0.102437,0.135634,0.0296241,0.173248,0.309822,0.238906,0.184984,-0.00378484,-0.0594834,0.0782963,0.0978996,-0.0783447,0.0430846,0.216104,0.156068,0.0552269,0.0864467	0.268001,0.200356,0.238343,0.179772,0.225707,0.152111,0.290543,0.191449,0.297767,0.389591,0.329329,0.202346,0.166609,0.258124,0.230841,0.214731,0.294713,0.246837,0.202447	-0.126941,-0.217293,-0.24871,-0.121905,-0.204485,-0.135703,-0.146205,-0.129232,-0.128669,-0.147573,-0.104818,-0.111475,-0.113613,-0.256516,-0.187158,-0.212788,-0.15681,-0.150642,-0.076494,-0.168972
-0.126617,-0.131798,-0.119627,-0.116688,-0.0904834,-0.0988615,-0.0225711,-0.243242,-0.124425,-0.0643524,-0.14131,-0.0334771,-0.125626,-0.130148,-0.0882909,-0.107187,-0.0360422,0.00654614,-0.0564311	0.00542728,0.0614596,0.0412229,0.0702289,0.0159014,0.035142,0.0505359,-0.0156263,0.0488454,0.0103892,0.0550118,0.0387561,0.0482935,-0.00385707,0.0256602,0.0728195,0.0581628	-0.128445,-0.189822,-0.160882,-0.161325,-0.150818,-0.11298,-0.12388,-0.162578,-0.164182,-0.0774857,-0.209234,-0.114467,-0.109827,-0.180887,-0.0791373,-0.136756,-0.107842,-0.110346,-0.0871254
0.25619,0.189362,0.202505,0.161681,0.259765,0.0268263,0.199129,0.231584,0.257434,0.181708,0.280435,0.265915,0.269195,0.52295,0.226606,0.23382,0.278926,0.13804,0.206634,0.244295,0.140067,0.195051,0.172354,0.343665,0.248093,0.21938,0.283768	0.349207,0.299231,0.290527,0.364038,0.226365,0.232634,0.369134,0.329612,0.324718,0.357899,0.333482,0.379496,0.563052,0.25785,0.249827,0.384243,0.233458,0.360469,0.318568,0.286077,0.349681,0.365019,0.298504,0.275329	-0.0798725,-0.136447,-0.147277,-0.101922,-0.170146,-0.0773225,-0.107201,-0.139419,-0.0868381,-0.0747418,-0.0499128,-0.0856319,-0.0851201,-0.157267,-0.0998712,-0.179722,-0.0757911,-0.107785,-0.0475718,-0.0976477
0.234597,0.129885,0.0823542,0.113391,0.164446,0.00630251,0.131102,0.157025,0.223035,0.109723,0.21802,0.245276,0.3503,0.412028,0.187345,0.0861692,0.265689,-0.0342961,0.235183,0.149451,0.128523,0.0485385,0.325269,0.210888,0.20441,0.170176	0.324482,0.286334,0.287943,0.309602,0.196341,0.250955,0.278959,0.323597,0.296258,0.370684,0.249274,0.532727,0.313028,0.259612,0.345555,0.189127,0.33063,0.285795,0.278383,0.332347,0.36007,0.247819,0.262561	-0.0891816,-0.183475,-0.22398,-0.121124,-0.194224,-0.0955078,-0.14717,-0.158835,-0.124073,-0.0913673,-0.0792659,-0.0771515,-0.126884,-0.195318,-0.118535,-0.183286,-0.121186,-0.154977,-0.0851247,-0.111037,-0.0984699
-0.00572785,0.0444385,0.031661,0.0528323,0.00550277,0.0129054,0.0382934,0.0453159,-0.0223557,0.0763782,0.060712,-0.0104422,0.029533,0.0217696,0.0326716,0.000449504,0.0224692,0.03316,0.0631623,0.0638374,0.0220451	-0.0725901,-0.0215608,-0.020127,-0.0121972,0.00894175,-0.0245796,0.0193056,-0.0541961,-0.110744,0.0674575,-0.139009,-0.0843418,0.0436675,-0.0164084,-0.0452143,0.0217604,0.00277402,0.0369379,-0.0128423,0.0324647	0.0777439,0.0696372,0.0438403,0.0649325,-0.0264541,0.0646498,0.0188005,0.0116557,0.149706,0.0929212,0.0322813,0.146574,0.0358389,0.0503643,0.0447748,0.0324972,-0.0116314,0.0572159,0.0264792,0.0447995,0.0175701
-0.00149373,0.00663581,-0.0303084,0.0354142,-0.0359932,-0.00522116,0.0244824,0.0323367,-0.0520784,0.0255306,0.0663072,-0.0121717,-0.0262791,0.015944,0.0135159,-0.0148999,0.00952069,0.035815,0.0524618,0.0144607,0.0356556	-0.0613147,-0.022369,0.00170041,-0.0187349,-0.0149105,-0.0237691,0.0381088,-0.0701107,-0.0928929,0.0881763,-0.189646,-0.0453807,0.0397588,-0.02618,0.00314731,0.0201025,0.0399529,0.0468838,0.0348256,0.016935	0.0645575,0.0248803,-0.0208874,0.0507824,-0.0517453,0.0500334,-0.0185813,-0.00250416,0.111894,0.0692045,0.0194284,0.14811,0.00752618,0.0182392,-0.0254232,0.0465696,-0.0405072,-0.00475336,-0.0236313,0.0515832,-0.0201171
0.576007,0.562152,0.409374,0.473205,0.378786,0.648529,0.480691,0.447384,0.291838,0.671546,0.479271,0.546272,0.567563,0.515749,0.562246,0.593057,0.461327,0.551937,0.678831,0.597345,0.694674,0.516427,0.341979,0.682985,0.200584,0.460658,0.564688,0.696663,0.39501,0.472752,0.229268,0.540207,0.505296,0.609358,0.516842,0.454581,0.56812	0.581885,0.577033,0.448241,0.54112,0.519158,0.64384,0.45311,0.478606,0.379452,0.664935,0.485225,0.612676,0.553947,0.538926,0.592589,0.562251,0.52491,0.643573,0.683978,0.599264,0.684953,0.450457,0.517564,0.609701,0.34746,0.565087,0.667208,0.574717,0.426095,0.408419,0.396021,0.629398,0.537978,0.602087,0.511385,0.409402	-0.0101883,-0.0575245,-0.104853,-0.0362252,-0.0138072,-0.0396957,-0.0389069,-0.0154711,-0.0456432,-0.0292543,-0.0255241,-0.0263745,-0.0364646,-0.0836023,-0.0287408,-0.0182217,-0.0674142,-0.0256136,-0.0302497,-0.015481
-0.00395715,0.0598384,-0.0093943,0.0548077,-0.0470032,0.0108967,-0.019656,-0.0816308,-0.136799,-0.211569,-0.041656,0.00227113,0.0178627,0.00365772,-0.0190304,-0.0577921,-0.0317925,-0.019869	0.0289313,0.0937349,0.0360679,0.0550236,0.0522118,0.0165943,0.0363991,0.0517562,0.0220043,-0.0192042,0.0834798,0.0177632,0.0670792,0.0399944,0.040294,0.00543754	-0.0169502,-0.0172962,-0.0796788,0.0158395,-0.100987,-0.0447071,-0.0635101,-0.119737,-0.306465,-0.0680939,-0.0420224,-0.0352071,-0.00195807,-0.0658435,-0.0972893,-0.0667032
-0.533013,-0.457941,-0.490937,-0.493555,-0.467615,-0.511181,-0.55121,-0.470241,-0.528746,-0.487712,-0.628733,-0.46721,-0.494279,-0.463666,-0.53066,-0.52419,-0.507044,-0.477387,-0.563326,-0.544072,-0.498601	0.00400092,-0.00364029,0.0106007,0.00889662,0.018131,0.00278714,0.00947754,0.0113707,-0.00644321,0.0128793,0.0089241	-0.5267,-0.467346,-0.492154,-0.494659,-0.481786,-0.513349,-0.547112,-0.500718,-0.532891,-0.486041,-0.633803,-0.472257,-0.494949,-0.492438,-0.506508,-0.531343,-0.507789,-0.496086,-0.559204,-0.553181,-0.494574
-0.225328,-0.176165,-0.187546,-0.172263,-0.191758,-0.2489,-0.227427,-0.279292,-0.273216,-0.331771,-0.223487,-0.208638,-0.170836,-0.207999,-0.155772,-0.255344,-0.258311,-0.196034	0.0334239,0.0496824,0.0216914,0.0412675,0.00967012,0.0131634,0.0415131,0.00266535,0.0265465,0.0645458,0.0347083,0.053919,0.0124264,0.0530476	-0.243943,-0.214607,-0.225605,-0.20965,-0.224614,-0.26871,-0.228906,-0.280827,-0.384305,-0.293959,-0.257,-0.20862,-0.254375,-0.211928,-0.243516,-0.270835,-0.261154
0.113616,0.189188,0.0614134,0.0916388,0.0692333,0.118845,0.142321,0.0883389,0.123911,0.00234047,0.163268,0.0944867,0.0942853,0.0274044,0.0950063	0.146053,0.191335,0.135935,0.132668,0.108979,0.182993,0.117722,0.167772,0.0964941,0.173451,0.109399,0.154828,0.0966423,0.147456	-0.0228472,-0.022366,-0.0744971,-0.0467729,-0.0277154,-0.0403769,-0.023767,-0.0209217,-0.0994103,-0.0407783,-0.0130053,-0.0517384,-0.0743643
-0.112912,-0.0620638,0.0090228,-0.116673,-0.00461383,-0.12133,-0.0919497,-0.154988,-0.146685,-0.222676,-0.30445,-0.162564,-0.131716,-0.0185101,-0.150711,-0.0135614,-0.0596941,-0.196191,-0.186356,-0.0785038	0.137236,0.169158,0.103452,0.182025,0.118977,0.128939,0.0843187,0.102596,0.0526209,0.0801333,0.16735,0.154214,0.112961,0.140177,0.0787452	-0.241013,-0.188845,-0.206944,-0.172316,-0.230919,-0.238102,-0.186174,-0.290329,-0.31706,-0.336525,-0.21493,-0.204392,-0.228234,-0.236681,-0.199009,-0.279276,-0.229468,-0.230615
-0.11495,0.0195511,0.0539485,-0.0677726,0.0551192,-0.050874,-0.0865914,-0.105759,-0.0832804,-0.278339,-0.213662,-0.0991039,-0.0898945,-0.0151372,-0.0568546,-0.0351756,-0.0629881,-0.105306,-0.0791756	0.148184,0.228278,0.118708,0.2302,0.135048,0.136797,0.112993,0.130635,0.0779548,0.0938508,0.216691,0.149787,0.174572,0.154916,0.100679,0.158008	-0.223368,-0.170676,-0.208142,-0.146502,-0.202968,-0.220974,-0.191423,-0.230744,-0.452715,-0.219944,-0.183508,-0.176147,-0.25858,-0.191868,-0.264418,-0.1797,-0.20387
-0.516151,-0.449324,-0.431456,-0.440001,-0.44519,-0.484376,-0.434828,-0.484079,-0.451537,-0.495767,-0.398147,-0.432198,-0.398748,-0.436728,-0.450312,-0.470321,-0.46109,-0.528725,-0.45507,-0.448727,-0.482038,-0.487668,-0.472776	0.000458445,0.0326192,0.0060719,0.0278155,0.0215355,0.0452411,0.033019,0.0111896,0.0257248,0.0150987,0.00468435,0.0152365,0.0374094,0.00666027,0.0360825	-0.519314,-0.45368,-0.466476,-0.443172,-0.459022,-0.482687,-0.473206,-0.528436,-0.466933,-0.491488,-0.441358,-0.444396,-0.40641,-0.464089,-0.452684,-0.506075,-0.45257,-0.538627,-0.4639,-0.483468,-0.488028,-0.519905,-0.490279
-0.110129,-0.0926634,-0.112382,-0.116631,-0.149944,-0.0784938,-0.169463,-0.167986,-0.107794,-0.104171,-0.0806722,-0.109524,-0.145857,-0.0323746,-0.104845,-0.16572,-0.122425,-0.0799651,-0.117243,-0.154988,-0.105842	0.107059,0.0980815,0.0667653,0.0698871,0.0710811,0.0562102,0.0522773,0.0852217,0.075377,0.0902595,0.0378653,0.136776,0.108898,0.0578024,0.0809085,0.0556143,0.0903139,0.0606478,0.124937	-0.229226,-0.200519,-0.158208,-0.171576,-0.221745,-0.160094,-0.223677,-0.202949,-0.190356,-0.163423,-0.146041,-0.209352,-0.206907,-0.188563,-0.263519,-0.098543,-0.202384,-0.183591,-0.220706
-0.036253,0.0414488,-0.033935,-0.0282728,-0.0293626,0.0448244,-0.0373011,0.00411318,-0.0238929,-0.0399014,-0.0457425,0.0208019,0.0130347,0.00463553,-0.0252246,-0.0647688,0.0221098	-0.0504304,0.0721229,-0.0481987,0.0128615,-0.067854,0.0209308,-0.0437358,-0.0797303,-0.177987,-0.191419,-0.0265934,0.0287409,-0.00654272,0.0325546,0.0217167,-0.139242,-0.015703	0.00421936,-0.0281042,0.0280246,-0.0542791,0.0538313,0.00698144,0.0404879,0.0499871,0.284475,0.0741901,-0.0576003,-0.0380001,0.024129,0.0121803,0.041437,-0.0126931,-0.0106494
0.0572778,0.0696422,0.10125,0.0842444,0.149092,0.100554,0.174619,0.0803848,0.0448477,0.0673336,0.0956794,0.0969557,0.1008,0.119337,0.157184,-0.0181256,0.211566,0.0504231,0.0592673,-0.0787879,0.0908667,0.0233396,0.049535,-0.0189558,0.121579,0.0613718	0.288222,0.255066,0.275089,0.25491,0.290141,0.232843,0.331102,0.24909,0.25534,0.239929,0.23968,0.268884,0.326425,0.23484,0.320075,0.241325,0.235739,0.196199,0.19863,0.207234,0.208054,0.187039,0.280996	-0.228125,-0.178778,-0.152531,-0.177468,-0.15915,-0.175454,-0.187029,-0.167934,-0.181103,-0.142427,-0.171311,-0.192578,-0.174933,-0.192922,-0.239385,-0.136878,-0.183676,-0.168512,-0.170539
0.100844,0.115415,0.132187,0.136827,0.188653,0.115777,0.243989,0.132884,0.0842564,0.101885,0.170473,0.0974585,0.164619,0.234058,0.128142,-0.0188576,0.287843,0.121842,0.0516112,-0.00708525,0.131522,0.0687777,0.0947789,0.0689114,0.207417	0.314788,0.28861,0.275932,0.298559,0.271556,0.245763,0.352862,0.323004,0.235149,0.256689,0.287304,0.29443,0.376715,0.264511,0.29577,0.311212,0.256698,0.214822,0.261975,0.236741,0.265434,0.207339,0.359815	-0.217034,-0.166991,-0.128083,-0.135338,-0.148248,-0.172448,-0.164936,-0.118273,-0.175064,-0.145477,-0.155003,-0.172254,-0.151809,-0.207761,-0.173386,-0.152769,-0.176656,-0.157239,-0.136999
0.0278182,0.0561564,0.0505517,0.0393106,0.0631302,0.0570657,0.0457167,0.028351,0.0405184,0.0704909,0.0013645,0.017602,0.0534203,0.0316932,0.0619864,0.0366907,0.04039	-0.360428,-0.270319,-0.325042,-0.298313,-0.326313,-0.264048,-0.404151,-0.293054,-0.346912,-0.313951,-0.325737,-0.294814,-0.258278,-0.317456,-0.324394,-0.363078,-0.311422,-0.395768,-0.361637,-0.315959,-0.351214,-0.335964	0.388182,0.321331,0.370115,0.33128,0.377582,0.32436,0.430689,0.35097,0.375494,0.336225,0.368172,0.310101,0.355697,0.328255,0.346252,0.37119,0.372349,0.402743,0.394208,0.380477,0.39228,0.356487
-0.0065398,0.0265586,0.00155375,-0.0138178,0.0312279,-0.0106043,0.0285232,0.00854921,-0.00454793,-0.0302005,0.0252666,0.00550548,0.000607301	-0.510549,-0.4221,-0.443011,-0.463586,-0.416518,-0.495676,-0.526915,-0.435679,-0.503548,-0.4672,-0.586678,-0.428816,-0.458232,-0.419168,-0.492622,-0.515907,-0.474148,-0.424102,-0.51163,-0.506625,-0.471959	0.490455,0.443143,0.466793,0.446159,0.43952,0.473698,0.528202,0.476766,0.491289,0.462753,0.601627,0.454631,0.447265,0.439623,0.472815,0.513842,0.445373,0.460437,0.532579,0.494596,0.471308
0.0142129,0.0433276,0.0519592,0.041246,0.0483454,0.0543259,0.0565361,0.00216573,0.0830414,0.032326,0.0391091,-0.00572931,-0.00864458,-0.00580405,0.0478661,0.0400804,0.116601,0.00773323	-0.381073,-0.342849,-0.328006,-0.316319,-0.33217,-0.391783,-0.342877,-0.386078,-0.280092,-0.424,-0.269323,-0.326759,-0.353821,-0.27313,-0.352201,-0.352808,-0.387038,-0.39281,-0.400236,-0.354994,-0.362297,-0.301524,-0.384993,-0.340831	0.404533,0.352639,0.378323,0.360867,0.371384,0.40731,0.388742,0.419333,0.371783,0.425567,0.339091,0.362345,0.334479,0.345865,0.328787,0.394187,0.374032,0.385805,0.403917,0.403218,0.388355,0.434163,0.413334,0.327502
0.0350839,0.0191636,0.0417723,0.0424156,0.0323418,0.0939124,-0.00709541,0.0557134,0.0259906,0.0366252,-0.034664,0.0288155,0.0212059,0.00832451,0.0300871,0.0842402,0.0149904	-0.380038,-0.351213,-0.355935,-0.327733,-0.35091,-0.414417,-0.368639,-0.327792,-0.384414,-0.415958,-0.293663,-0.342403,-0.307148,-0.328722,-0.390589,-0.389503,-0.353255,-0.419346,-0.39849,-0.367548,-0.388101,-0.366802,-0.390593	0.411185,0.373093,0.381939,0.364001,0.394841,0.410211,0.417089,0.417395,0.409397,0.417644,0.346401,0.361327,0.327117,0.369602,0.357007,0.427434,0.371916,0.43203,0.382425,0.392023,0.424304,0.447505,0.399714
0.0297677,0.06004,-0.00518698,0.0536611,0.028736,0.0133788,0.00151471,0.0444092,0.0221051,0.0369629,0.0430816,0.036092,0.0192936,0.00413798,0.0624344	-0.211046,-0.105683,-0.17493,-0.11092,-0.180468,-0.164538,-0.19178,-0.282119,-0.178698,-0.352607,-0.190348,-0.118415,-0.147045,-0.209729,-0.0938999,-0.215257,-0.158032,-0.150295	0.21807,0.177285,0.192725,0.148473,0.184197,0.251492,0.175861,0.260204,0.292008,0.304226,0.211516,0.144357,0.187201,0.225155,0.125994,0.262839,0.181621,0.218916
0.187785,0.106613,0.17178,0.120093,0.0923736,0.108364,0.185227,0.141195,0.114478,0.183268,0.144724,0.163753,0.067581,0.1205,0.210038,0.121738,0.160613,0.128951,0.121612,0.129406,0.136357,0.112837,0.156454	0.157191,0.0733073,0.145592,0.0878345,0.0794893,0.00190161,0.191135,0.078998,0.0240215,0.172056,0.120811,0.137201,0.0738733,0.0809822,0.134447,0.107841,0.157102,0.0791821,0.164799,0.0944066,0.121962,0.0368299,0.104984	0.0261388,0.0293438,0.0272081,0.0228522,0.09577,0.00836395,0.0596414,0.0444139,0.03359,0.0312346,-0.00175855,0.0431732,0.0459823,0.0256393,0.0319188,-0.0185266,0.0335936,0.0233013,0.0776679
0.162249,0.138201,0.139926,0.065181,0.0783691,0.163,0.118905,0.107303,0.177633,0.114028,0.117631,0.0829973,0.119805,0.161821,0.125152,0.163321,0.10054,0.104185,0.135668,0.133146,0.154194,0.154596	0.123778,0.103346,0.0683688,0.0443465,-0.0120935,0.0525098,0.121119,0.0390742,0.0879207,0.0360957,0.0885942,0.100059,0.0504126,-0.00348667,0.167509,0.0932759,0.047837,0.151071,0.0631592,0.114827,0.0105397,0.0751429	0.0333177,0.0516851,0.0394974,0.0574531,0.0936196,0.0453525,0.0830374,0.0858981,0.0328208,0.0412757,0.0181663,0.0790565,0.0478951,0.0465308,0.0453962,-0.000675721,0.0586757,0.0706037,0.0970954
-0.124811,-7.19224e-05,0.0255836,-0.0723451,0.0180588,-0.0804011,-0.0794464,-0.0691048,-0.168779,-0.0477157,-0.346907,-0.138543,-0.00978373,0.0170359,-0.0523305,-0.0998853,-0.0231546,-0.139747,-0.0619347,-0.0466701	0.104259,0.18503,0.0873143,0.121812,0.129514,0.153847,0.0579128,0.135031,0.112455,0.0451893,0.0856484,0.17762,0.111101,0.144656,0.131793,0.0347949,0.131967	-0.21248,-0.144551,-0.181135,-0.0994057,-0.188958,-0.202661,-0.156931,-0.239736,-0.252687,-0.320554,-0.208874,-0.108134,-0.187176,-0.214664,-0.134464,-0.257965,-0.108877,-0.178493
-0.126574,0.0448746,0.0336269,-0.0494167,0.012859,-0.0214583,-0.0596162,-0.0900992,-0.0942002,-0.174456,-0.215011,-0.0952773,-0.016161,0.0381487,-0.125992,0.0767529,0.0275319,-0.142228,-0.0420345,-0.0298909	0.109321,0.196867,0.0962731,0.115272,0.131053,0.147413,0.0830549,0.104653,0.11676,0.0677093,0.0756734,0.187484,0.111729,0.172174,0.141105,0.0317281,0.151754	-0.204781,-0.121435,-0.164843,-0.0811544,-0.160268,-0.179504,-0.164666,-0.194182,-0.317284,-0.266072,-0.127867,-0.112239,-0.158643,-0.20303,-0.129857,-0.238811,-0.119821
0.509235,0.488647,0.546337,0.416684,0.58325,0.496654,0.475757,0.404068,0.617021,0.499311,0.5396,0.512946,0.529517,0.505952,0.478659,0.426196,0.456484,0.547319,0.608592,0.409372,0.545908,0.47917,0.436841,0.475486,0.671034,0.498647,0.366849,0.341567,0.480946,0.466029,0.530529,0.473749,0.503948	0.497597,0.465264,0.543698,0.3898,0.582634,0.446832,0.45865,0.410977,0.551582,0.49394,0.478521,0.520837,0.495833,0.489358,0.434228,0.467054,0.45475,0.442748,0.652981,0.457116,0.301913,0.638772,0.343266,0.456301,0.597283,0.558623,0.419558,0.303597,0.404992,0.441864,0.532209,0.411225,0.431233,0.475877	0.0165809,0.0210845,0.0247011,0.0223766,0.039723,0.0426205,0.0314474,0.0240239,0.011411,0.0258251,0.0290814,0.0246215,0.0326752,0.0187553,0.0208538,0.0190248,0.0224822,0.0549837
0.0269229,0.0344656,0.094094,-0.012611,0.119025,0.0727047,0.0437818,0.118186,0.352024,0.101297,0.0385258,0.0394015,0.0233929,0.0714557,0.124953,0.06883,0.0773404	0.00681117,-0.0302966,0.00790654,-0.0325047,0.0886513,-0.0218951,0.0618281,0.112671,0.0986242,0.238138,0.106372,0.0370469,-0.0499431,0.0398018,0.017133,0.0817484,-0.011835,0.0480036	0.0397949,0.0822542,0.0484651,0.0278069,0.0511029,0.0127073,0.0118112,0.0671202,0.0113433,0.0011641,0.0391271,0.0510786,0.0428267,0.0308249,0.061389,-0.000217896
0.11621,0.0737566,0.0675408,0.0776868,0.072039,0.0743741,0.110207,0.121154,0.122702,0.397741,0.125918,0.0671794,0.131007,0.0904696,0.0446738,0.0585738,0.179726,0.0787997,0.0734632	0.12239,0.0305657,-0.0150514,0.0668522,0.0496012,0.117786,0.0531166,0.084721,0.118623,0.243274,0.254771,0.133155,0.192731,0.0132221,0.0810461,0.0115851,0.0326034,0.167468,0.0846748,0.121264	0.00260063,0.0566427,0.0172977,0.0141358,0.0152236,0.0404137,0.00456408,0.0386108,-0.0204562,-0.0228939,0.0142414,0.0104604,-0.0203294,0.0196348,0.0179809,0.0153841,0.0102049
-0.149517,-0.137508,-0.103576,-0.119887,-0.118958,-0.0682706,-0.184728,-0.0965412,-0.109727,-0.142454,-0.0555264,-0.153494,-0.0711849,-0.0626653,-0.10053,-0.104287,-0.0965851	-0.0609781,-0.0152662,-0.0233546,-0.0310677,-0.0259857,0.0194868,-0.0286321,0.00791993,-0.0182199,-0.00984102,0.0147889,0.00374444,0.0285759,-0.00536414,-0.0427717,-0.0291939	-0.0939769,-0.124096,-0.0657574,-0.0996355,-0.0953271,-0.0714264,-0.153824,-0.0957205,-0.105086,-0.150347,-0.0859069,-0.112673,-0.118868,-0.069666,-0.0665913,-0.0623074,-0.0977927
0.144277,0.196552,0.0616538,0.236661,0.154485,0.0407854,0.336816,0.142668,0.184575,0.253666,0.212815,0.243069,0.478839,0.333943,0.159206,0.319243,0.0348064,0.17612,0.0132836,0.178399,0.0762609,0.197478,0.203277,0.143009	0.253686,0.252781,0.138341,0.309533,0.190301,0.257123,0.323154,0.276824,0.214256,0.304155,0.265452,0.45893,0.449959,0.356078,0.248077,0.239826,0.221729,0.19807,0.166467,0.161448,0.304607,0.132849,0.299045,0.253908	-0.104914,-0.0674359,-0.0578842,-0.0869207,-0.127622,-0.0638546,-0.0939206,-0.0442507,-0.069287,-0.0531163,-0.0884116,-0.0456923,-0.0999531,-0.117203,-0.062495,-0.0667149,-0.0257085
0.186751,0.177038,0.0189307,0.243063,0.157561,0.0253156,0.347881,0.129396,0.171828,0.232635,0.247728,0.191344,0.534349,0.327277,0.231897,0.249429,0.0814613,0.167507,0.0310247,0.1424,0.110154,0.237217,0.161157,0.25639,0.220545	0.288016,0.278086,0.169836,0.34411,0.209656,0.28333,0.352634,0.292526,0.240227,0.319409,0.281246,0.494628,0.492976,0.376085,0.252017,0.283457,0.256329,0.223852,0.183635,0.235034,0.337075,0.186744,0.334937,0.333096	-0.118822,-0.124665,-0.0874364,-0.115798,-0.15985,-0.0982628,-0.111547,-0.0730832,-0.0893689,-0.0783249,-0.105499,-0.107479,-0.129275,-0.128476,-0.131128,-0.0893498,-0.0590703
0.244033,0.22266,0.20876,0.21386,0.249241,0.225766,0.30853,0.273092,0.246957,0.4199,0.278397,0.225233,0.155741,0.280988,0.144188,0.252945,0.254909,0.241273	0.271796,0.253378,0.266174,0.227966,0.268048,0.284002,0.235764,0.32338,0.342228,0.374645,0.275968,0.21595,0.275075,0.264554,0.174926,0.331539,0.296375,0.276077	-0.0393075,-0.0505716,-0.011741,-0.0361065,0.00946563,-0.00488191,-0.040876,-0.0107795,-0.00971335,-0.0806024,-0.0427791,-0.0289373,-0.0120939,-0.0586746
-0.11045,-0.173494,-0.0806815,-0.0872763,-0.0770018,-0.0640024,-0.17055,-0.0729679,-0.103419,-0.022335,-0.164393,-0.107021,-0.0652023,-0.0410062,-0.084641	0.0301279,0.0385258,0.0674158,0.0274175,0.03516,0.0339997,0.0441055,0.0319475,0.0807473,0.0346139,0.0171029,0.052424,0.0654386,0.0273023	-0.147003,-0.194852,-0.133647,-0.126063,-0.103828,-0.149899,-0.15352,-0.150264,-0.101443,-0.130562,-0.131979,-0.156327,-0.127688,-0.103538
0.122567,0.0895701,0.0463947,0.126806,0.0146262,0.176472,0.18651,0.0971055,0.20003,0.162007,0.391753,0.234022,0.10492,0.0564618,0.101072,0.0642256,0.13934,0.189632,0.200035,0.108699	0.261807,0.211398,0.24976,0.19586,0.259345,0.236632,0.239481,0.287022,0.311117,0.388191,0.273817,0.185186,0.235532,0.246824,0.205592,0.303484,0.262788,0.229202	-0.147077,-0.163451,-0.106346,-0.172013,-0.126907,-0.0935456,-0.0821324,-0.118098,-0.0575841,-0.0679667,-0.165392,-0.126337,-0.134883,-0.125702,-0.0582161,-0.151037
0.134556,0.00749473,-0.0458569,0.0867268,-0.0588699,0.127305,0.119251,0.112638,0.108801,0.242137,0.268684,0.194556,0.0752153,-0.0439746,0.146217,-0.0307632,0.0267274,0.175115,0.201182,0.0331508	0.254828,0.181644,0.236841,0.16851,0.228781,0.24068,0.203112,0.267631,0.39114,0.299934,0.198848,0.162889,0.259662,0.197968,0.232084,0.296059,0.193958	-0.159479,-0.219991,-0.12557,-0.216818,-0.131061,-0.113477,-0.121277,-0.136782,-0.0819348,-0.0828035,-0.169522,-0.164938,-0.181286,-0.157376,-0.0878617,-0.147229
-0.088067,-0.115216,-0.0852913,-0.0602671,-0.0656351,-0.0275774,-0.191719,-0.0455337,-0.144023,0.00117894,-0.0669378,-0.109072,-0.0720829,-0.0653794,-0.0494984,-0.0125934	0.0223242,0.0394117,0.0387802,0.0557108,0.0494345,0.0518325,-0.00479415,0.0415461,0.0396782,0.0963973,0.0233633,0.0247177,0.0174425,0.0529684,0.0670646	-0.103006,-0.177619,-0.114749,-0.105123,-0.093754,-0.13748,-0.161576,-0.0985183,-0.145289,-0.0756605,-0.155544,-0.0947638,-0.0914381,-0.0615093,-0.132022
0.241521,0.218178,0.128997,0.256316,0.1182,0.117893,0.278075,0.246634,0.155845,0.303254,0.261336,0.438584,0.329522,0.294988,0.29939,0.156378,0.228826,0.198901,0.199576,0.133776,0.369807,0.234504,0.212045,0.245694	0.355753,0.333566,0.240024,0.316866,0.210482,0.357968,0.320699,0.332576,0.369405,0.317441,0.444211,0.418351,0.325382,0.357855,0.258391,0.320772,0.324061,0.294955,0.326457,0.356097,0.277972,0.335042	-0.112715,-0.137522,-0.0793721,-0.149281,-0.111834,-0.111776,-0.0863657,-0.0759293,-0.0555773,-0.056884,-0.107012,-0.104995,-0.116353,-0.0915777,-0.0488772,-0.100253
0.225444,0.171375,0.0138072,0.19497,0.029515,0.111747,0.159766,0.185579,0.204888,0.249149,0.185474,0.485269,0.207849,0.165329,0.255462,0.101666,0.180761,0.104936,0.139397,0.260102,0.18989,0.218342,0.189688	0.333365,0.314077,0.221765,0.256397,0.17303,0.369809,0.307343,0.262529,0.376091,0.303467,0.53653,0.276189,0.24653,0.29685,0.291797,0.298761,0.269881,0.31361,0.313728,0.301679,0.280779	-0.126759,-0.202381,-0.0967594,-0.205375,-0.117283,-0.137192,-0.127664,-0.0911102,-0.0832453,-0.0769642,-0.137903,-0.12458,-0.157877,-0.124848,-0.0837879,-0.108736
-0.0165986,0.0892415,-0.00437559,0.0287496,0.0374877,0.0627526,0.0437707,0.0204342,0.0761506,0.028868,0.0501769,0.0828047,0.0547393,-0.0342379,0.0993796,0.0408379,0.0548636,0.026752	-0.0221874,-0.00388718,-0.0172567,0.0335617,0.0390694,0.0397851,-0.0451467,-0.0498209,0.0628557,-0.106018,0.0546632,-0.0042578,-0.0295829,0.0458965,0.0194419,0.0464623,0.00291237,-0.0114459	0.0132376,0.0705774,0.0299893,-0.0254256,0.0365636,0.0100429,0.109905,0.0365828,0.103949,0.0541463,0.0368981,0.0730543,-0.0273263,0.034791,-0.00888834,0.0692809
-0.0190975,0.0323214,-0.0130096,-0.00187351,-0.00754865,0.0440267,0.0190411,-0.0143783,0.0602935,0.0114762,0.0432447,0.054803,0.0364744,-0.0538876,0.0949294,0.0258518,0.0301065,0.0334335	-0.0184568,0.00824997,0.000127498,0.0414888,0.0275693,0.0388626,-0.07353,-0.0429262,0.0231142,-0.0531517,0.0618803,0.0289064,-0.0109184,0.0417937,0.0505332,0.0348124,-0.00566589	-0.00414109,0.0118881,0.0170274,-0.0840301,0.0220368,-0.00618784,0.072406,0.0160118,0.0847968,0.0395146,0.0108615,0.032221,-0.0560296,-0.00846558,-0.0335541,0.0450097
0.557312,0.495779,0.564046,0.264446,0.576919,0.548707,0.455282,0.297236,0.663585,0.496256,0.562498,0.547228,0.523825,0.536442,0.543808,0.488219,0.677985,0.612623,0.70287,0.543272,0.364872,0.681076,0.277729,0.532457,0.624696,0.564435,0.411709,0.328129,0.486508,0.50681,0.575965,0.503434,0.456766,0.529707	0.556752,0.52698,0.601914,0.3533,0.605035,0.58238,0.435649,0.397559,0.669223,0.504432,0.623762,0.531449,0.578236,0.570047,0.551145,0.543848,0.670038,0.646008,0.691551,0.509182,0.531279,0.590347,0.369248,0.561058,0.709331,0.488017,0.466056,0.322666,0.609386,0.511174,0.623732,0.50176,0.491973	-0.0212653,-0.0833571,-0.0264575,-0.0683046,-0.025444,-0.0177714,-0.0466635,-0.0200769,-0.0272515,-0.0345749,-0.0579426,-0.0359993,-0.0488549,-0.030096,-0.042562,-0.0241483
0.134348,0.143313,0.14771,0.135483,0.17721,0.156756,0.149223,0.222908,0.162458,0.143324,0.113988,0.134176,0.176299,0.0677143,0.141506,0.109552,0.202063,0.0883643,0.152617,0.155688,0.190856,0.108927	0.246512,0.224381,0.194412,0.187659,0.232374,0.169459,0.244081,0.21732,0.194057,0.181621,0.180638,0.196947,0.194216,0.210752,0.257513,0.166662,0.160294,0.237742,0.218132,0.221942	-0.108557,-0.0863524,-0.0530491,-0.0392397,-0.0454727,-0.0525702,-0.00241837,-0.0847392,-0.0456852,-0.068223,-0.013707,-0.134816,-0.0722273,-0.073213,-0.0687805,-0.0235086,-0.0787973,-0.0264334,-0.0921496
0.0238515,-0.0262302,0.028165,0.049382,0.0123596,-0.00218707,0.0489526,-0.0344224,0.0179406,0.0715182,0.0633686,-0.0349694,-0.0111831,-0.0312833,0.0316645,0.073452,0.0249426	-0.0114737,0.0150973,-0.0258888,0.0529749,-0.0868859,-0.0194416,-0.0138989,-0.106692,-0.199866,-0.14661,0.0379223,0.0196038,-0.0582858,-0.0146159,0.00216626,-0.0619379,-0.00275854	0.0455004,-0.0460013,0.0506218,-0.00020572,0.0990595,-0.00879969,0.0596462,0.112267,0.133047,0.232854,0.0817582,0.00788097,-0.0089804,-0.00138803,0.0120405,0.104921,0.0658636,0.0384431
-0.0295419,-0.0661561,-0.0742771,-0.0371993,-0.148551,-0.0724771,-0.069195,-0.156531,0.0493323,0.0116555,-0.168341,-0.00587625,-0.064583,-0.0653187,-0.152227,-0.0203664,-0.172426,-0.0258443,-0.0619982,0.0799067,-0.130622,0.0164093,0.00127069,-0.000122073,0.101277,-0.104083	0.238194,0.185602,0.197129,0.177679,0.178405,0.175218,0.216778,0.189531,0.174478,0.189799,0.168808,0.183059,0.159914,0.179916,0.244386,0.113797,0.174757,0.207846,0.249721,0.16669	-0.28606,-0.257728,-0.238054,-0.270144,-0.264652,-0.20719,-0.311673,-0.247867,-0.222026,-0.24002,-0.223063,-0.245403,-0.328846,-0.21122,-0.276474,-0.244549,-0.231699,-0.182882,-0.211119,-0.157469,-0.215142,-0.152672,-0.271702
-0.0741736,-0.099303,-0.124945,-0.0857217,-0.199964,-0.0869596,-0.195154,-0.1444,-0.00362741,-0.074912,-0.155406,-0.0766832,-0.112459,-0.178682,-0.155005,-0.053778,-0.241964,-0.0732656,-0.0771999,0.0432403,-0.170295,-0.0714736,-0.0274347,-0.046291,-0.0414379,-0.215262	0.23755,0.169174,0.155843,0.153334,0.146797,0.158539,0.200903,0.132556,0.183834,0.142543,0.164842,0.167414,0.142303,0.157354,0.216395,0.124351,0.196101,0.184318,0.160001	-0.317562,-0.29528,-0.241801,-0.302644,-0.263412,-0.242787,-0.320063,-0.298586,-0.189387,-0.285635,-0.266391,-0.270171,-0.339273,-0.271429,-0.204987,-0.360832,-0.248762,-0.208033,-0.262313,-0.20086,-0.233971,-0.209306,-0.299566,-0.316209
0.0665102,0.0166057,0.0324645,0.0597414,0.075972,-0.0131985,0.0543353,-0.00484186,0.028191,0.0547054,0.109677,0.0114837,0.0199117,-0.00328983,0.0220327,0.0693548,0.101205	-0.0974299,-0.00878541,-0.0364999,-0.0295871,0.009472,-0.0751236,-0.0621393,-0.0788097,-0.105498,-0.235201,-0.190016,-0.0350954,-0.0774502,-0.0345568,-0.0170164,-0.0465485,-0.0795195,-0.0834152,-0.00185794,-0.0868058	0.162686,0.0343347,0.0507367,0.0732829,0.0783438,0.125196,0.0452859,0.131487,0.101522,0.283351,0.221653,0.103757,0.151067,0.0731738,0.0189121,0.035149,0.136101,0.118482,0.123348
0.115224,0.0504159,0.0328415,0.0495082,-0.039227,-0.0491376,0.0425725,-0.00683278,-0.0357457,0.076677,0.00174839,0.101178,0.052845,0.048307,0.0352649,-0.137921,0.0349632,0.0867722,-0.0020124,0.0677376,0.0764372,0.184172,0.0562275,0.0447065,0.107093,0.119863,0.0836872,0.028186,0.0769562	0.290926,0.2213,0.239449,0.220019,0.195462,0.205796,0.285999,0.286903,0.227784,0.257981,0.258782,0.224531,0.205226,0.216876,0.248462,0.216283,0.231657,0.318477,0.21878,0.194945,0.250671,0.239375,0.231482,0.253264	-0.186932,-0.20631,-0.17853,-0.240795,-0.229622,-0.167178,-0.285945,-0.265326,-0.182244,-0.220501,-0.209553,-0.181013,-0.251968,-0.270895,-0.13384,-0.215945,-0.164869,-0.156153,-0.176959,-0.135243,-0.142669,-0.147964,-0.165294,-0.184166
0.0394666,-0.0180485,0.017014,-0.0246178,-0.154536,-0.073807,-0.0254583,-0.0386468,-0.0250934,-0.0133958,0.00786563,-0.0693049,-0.00288854,-0.0283011,-0.108181,-0.133137,0.0297042,-0.0425611,-0.0126333,0.0349085,0.139392,-0.0167664,-0.0290526,0.0402565,0.0458644,0.0144481,-0.0177025,-0.100373	0.254458,0.207833,0.217438,0.171036,0.15412,0.195152,0.261349,0.218013,0.261116,0.19544,0.189856,0.210239,0.182583,0.216744,0.168335,0.216431,0.269211,0.214013,0.193038,0.217522,0.22132,0.199275,0.20075	-0.22427,-0.241227,-0.196882,-0.262298,-0.247555,-0.197724,-0.320881,-0.254238,-0.217652,-0.236849,-0.243334,-0.214939,-0.26834,-0.327562,-0.169918,-0.236845,-0.19806,-0.193007,-0.168834,-0.223711,-0.164732,-0.215528,-0.158526,-0.280651
-0.144508,-0.148244,-0.0158097,-0.186748,-0.136994,-0.0325598,-0.279214,-0.0907217,-0.146173,-0.15305,-0.270854,-0.0405011,-0.416398,-0.361107,-0.214965,-0.0558993,-0.170926,-0.0793625,-0.0626801,-0.0650098,-0.0576337,-0.177142,-0.0843554,-0.0981695,-0.103726	0.135412,0.145477,0.118635,0.154282,0.149254,0.167267,0.129888,0.0923834,0.124244,0.0970573,0.125044,0.147783,0.146191,0.0913035,0.118861,0.134541,0.147106,0.129898	-0.282168,-0.264434,-0.183742,-0.310123,-0.27402,-0.288204,-0.336718,-0.195861,-0.286458,-0.307614,-0.221515,-0.488412,-0.436793,-0.301209,-0.298695,-0.184272,-0.225477,-0.167238,-0.182352,-0.218209,-0.298738,-0.191894,-0.260492
-0.168841,-0.174428,-0.0272369,-0.216787,-0.140078,-0.0652708,-0.305193,-0.102488,-0.163621,-0.153289,-0.301062,-0.0636836,-0.434389,-0.393876,-0.241659,-0.0473964,-0.207636,-0.0784556,-0.109352,-0.0355062,-0.0977831,-0.15513,-0.166277,-0.122239,-0.181705	0.144638,0.155763,0.128357,0.14683,0.163358,0.149747,0.140384,0.0887443,0.11754,0.125711,0.138425,0.142473,0.157096,0.110972,0.145815,0.156694,0.120381,0.187128	-0.314716,-0.300253,-0.186355,-0.354934,-0.256524,-0.307522,-0.378186,-0.228939,-0.287635,-0.327342,-0.252077,-0.493053,-0.492157,-0.335578,-0.294555,-0.242895,-0.247023,-0.187373,-0.215864,-0.226926,-0.364243,-0.221699,-0.366967
0.486062,0.366977,0.294038,0.445324,0.411952,0.383983,0.335931,0.401472,0.272421,0.446046,0.36931,0.450068,0.45474,0.377957,0.446589,0.362994,0.369632,0.32345,0.298994,0.323001,0.541907,0.358255,0.389364,0.392114,0.277889,0.383996,0.537284,0.645683,0.291497,0.247003,0.248912,0.403974,0.322215,0.526178,0.340226,0.229528,0.357242	0.509086,0.424219,0.340409,0.470815,0.460323,0.416832,0.346413,0.422321,0.340489,0.517613,0.356885,0.509593,0.457658,0.446862,0.41897,0.410946,0.410181,0.351797,0.391478,0.512083,0.461076,0.337915,0.498588,0.310241,0.360884,0.435006,0.691896,0.501996,0.325554,0.289797,0.388314,0.439942,0.475422,0.460463,0.384769,0.421694	-0.0554165,-0.0425568,-0.0374189,-0.0570952,-0.0149371,-0.0405832,-0.0630251,-0.0321127,-0.0246615,-0.0352329,-0.0513445,-0.0473392,-0.0936747,-0.0376566,-0.0113949,-0.0573218,-0.0456065,-0.0478557,-0.0222857,-0.0893173,-0.038651,-0.0753581,-0.0382023,-0.15294
0.0371439,0.0523622,-0.00600232,0.0418691,0.0348952,-0.00607649,-0.00157265,0.042611,0.00230027,0.0117891,0.0706351,0.0552571,-0.0100589,0.00592981,0.0566768	-0.223483,-0.143729,-0.206219,-0.153539,-0.20891,-0.157243,-0.260037,-0.24829,-0.200368,-0.438192,-0.23349,-0.127255,-0.133695,-0.227986,-0.136072,-0.170733,-0.266793,-0.16506,-0.207914	0.253935,0.196504,0.214092,0.1633,0.239741,0.257967,0.207987,0.280833,0.275995,0.348045,0.260351,0.145378,0.233457,0.256538,0.128499,0.251773,0.223789,0.241264
0.164908,0.107037,0.136503,0.0774995,0.0682031,0.0551539,0.17791,0.0471453,0.0545239,0.208312,0.08313,0.130207,0.0668972,0.0686653,0.200022,0.128336,0.154604,0.114782,0.155873,0.06241,0.127087,-0.0304544,0.161454,0.145665	0.12775,0.0555243,0.0851256,0.0563855,0.0355534,-0.00427758,0.129592,0.018968,0.00876393,0.107903,0.107889,0.081182,0.0285363,0.0386861,0.140756,0.084599,0.0879431,0.0616016,0.168992,0.0540585,0.111807,-0.0146984,0.0801942,0.108004	0.0337291,0.0638794,0.0177802,0.0476958,0.0783561,0.0244064,0.0350455,0.054054,0.0624343,-0.00667588,0.051095,0.0175222,0.0582812,0.0513245,0.0677974,0.00942138,-0.00241085,0.043043,-0.00927954,0.0772497
0.136547,0.120841,0.123824,0.0533921,0.0338955,0.0864135,0.166167,0.00520636,0.163546,0.0740745,0.0983111,0.0881409,0.0549621,0.177706,0.108215,0.134777,0.0974784,0.124654,0.0871353,0.103924,0.0395961,0.13846	0.0972055,0.0523048,0.04405,0.0056912,-0.0347259,-0.0163597,0.0881402,-0.014292,0.0448742,0.0237193,0.0454386,0.0764055,-0.0318546,0.0128766,0.130734,0.072494,0.014815,0.103942,0.0694493,0.0413276,0.0180894,0.0357614,0.0337209	0.033507,0.086391,0.0438211,0.0692987,0.101956,0.0755779,0.0452216,0.0853197,0.0617044,0.0251252,0.0641859,0.0487915,0.0972248,0.0481573,0.0803849,0.00613322,0.0608229,0.0247205,0.0815064,0.133794
-0.131251,-0.0232431,-0.0208665,-0.0963379,0.00862482,-0.128826,-0.121246,-0.086925,-0.172082,-0.0502148,-0.390924,-0.163299,-0.0757138,-0.0218957,-0.0470067,-0.104102,0.013805,-0.128374,-0.126208,-0.179136,-0.0563381	0.118538,0.180283,0.0809656,0.105227,0.154259,0.122909,0.0620753,0.135873,0.105059,0.036397,0.092814,0.134734,0.128623,0.183211,0.0776127,0.0829366,0.0955007	-0.23844,-0.164139,-0.200997,-0.125379,-0.229257,-0.211796,-0.21188,-0.211763,-0.233234,-0.414429,-0.213779,-0.108879,-0.158949,-0.261828,-0.161524,-0.206654,-0.201562,-0.218352
-0.140343,0.025914,0.0169556,-0.0533392,0.0133616,-0.0778037,-0.114138,-0.0751658,-0.132023,-0.182792,-0.252542,-0.172162,0.0171784,0.0498556,-0.0693351,-0.0412504,0.000789152,-0.14022,-0.152205,0.0205284	0.121417,0.188555,0.0905422,0.104309,0.144048,0.115331,0.0737594,0.121853,0.10782,0.0491361,0.075833,0.160182,0.131858,0.194797,0.11328,0.0746545,0.120058	-0.238855,-0.12695,-0.180874,-0.105832,-0.196278,-0.214778,-0.131358,-0.221737,-0.296755,-0.296911,-0.204546,-0.0743022,-0.195612,-0.231293,-0.114657,-0.220834,-0.182926,-0.155521
0.498173,0.463487,0.520222,0.430944,0.556927,0.46854,0.466466,0.41051,0.559323,0.535179,0.499312,0.456023,0.513552,0.518841,0.461416,0.410477,0.435393,0.492438,0.630468,0.454576,0.327947,0.658332,0.351986,0.471269,0.58969,0.565843,0.458716,0.275633,0.417235,0.436546,0.486477,0.430367,0.468603,0.522535	0.503915,0.448252,0.504159,0.385141,0.538635,0.442793,0.431929,0.408399,0.492941,0.479715,0.445,0.499463,0.453108,0.529641,0.416407,0.3994,0.424008,0.412931,0.612292,0.502877,0.321203,0.59508,0.372451,0.417414,0.520473,0.614642,0.465214,0.329397,0.291827,0.422255,0.399668,0.436414,0.456407,0.3376	0.000945001,0.0447564,0.0326922,0.0208009,0.0481668,0.0530137,0.023124,0.0464566,0.0160729,0.0298894,0.0292166,0.0339753,0.00208281,0.0124186,0.0329879,0.0320934,0.0792158,0.0544521
-0.246948,-0.170851,-0.0735386,-0.244068,-0.0715793,-0.0874172,-0.222221,-0.210215,-0.117269,-0.278544,-0.226389,-0.301083,-0.378916,-0.231482,-0.133255,-0.189972,-0.171381,-0.221968,-0.11099,-0.0995143,-0.280647,-0.18232,-0.205311,-0.204015	0.0827961,0.138831,0.0815158,0.08336,0.108212,0.126232,0.0812891,0.124583,0.0883272,0.0439505,0.0562714,0.137694,0.0841288,0.127994,0.103669,0.0768047,0.0437734	-0.322567,-0.272818,-0.235898,-0.261448,-0.137272,-0.324654,-0.271243,-0.271521,-0.350632,-0.31221,-0.379327,-0.410841,-0.270601,-0.249312,-0.232929,-0.267732,-0.327706,-0.243958,-0.28088,-0.308797,-0.216725,-0.254307
-0.221292,-0.161173,-0.014593,-0.183573,-0.0398052,-0.124066,-0.140375,-0.158452,-0.185306,-0.234886,-0.114732,-0.467616,-0.158321,-0.130366,-0.200093,-0.0772982,-0.196045,-0.0922993,-0.0788593,-0.232441,-0.152874,-0.182508,-0.141308	0.0864437,0.145039,0.0958432,0.0898676,0.0910493,0.127992,0.0878627,0.109578,0.095477,0.0552054,0.0510599,0.153124,0.0868766,0.139118,0.140683,0.0711313,0.0521106	-0.306508,-0.25111,-0.205636,-0.199451,-0.124657,-0.30018,-0.25394,-0.176797,-0.382615,-0.229631,-0.530351,-0.223313,-0.169174,-0.26605,-0.249148,-0.289473,-0.229031,-0.211792,-0.315641,-0.191899,-0.225457
0.469675,0.363661,0.432506,0.367451,0.51974,0.432252,0.451266,0.399464,0.494559,0.385383,0.443593,0.518852,0.473243,0.401303,0.41722,0.397116,0.371548,0.353566,0.64926,0.476704,0.306737,0.526142,0.293089,0.358574,0.46516,0.630925,0.351988,0.282552,0.2687,0.396436,0.35958,0.508845,0.361523,0.388679	0.428405,0.356751,0.354992,0.40438,0.435665,0.436026,0.362784,0.430997,0.33199,0.441141,0.3835,0.446194,0.411366,0.36864,0.40491,0.396028,0.305219,0.349602,0.419442,0.622344,0.388454,0.26061,0.488766,0.23084,0.337127,0.500966,0.552099,0.279203,0.265463,0.230708,0.361698,0.322247,0.504976,0.347772,0.235943	0.043039,0.0183847,0.0578353,0.0513534,0.0381929,0.057705,0.0534419,0.0592793,0.0438008,0.056863,0.0457648,0.0341111,0.0134541,0.0693481,0.0538676,0.0241495,0.0577284,0.043585,0.0380248,0.0272776,0.0294483,0.0585812
0.537705,0.505683,0.522501,0.291289,0.576131,0.554565,0.395241,0.371933,0.640675,0.446946,0.567777,0.494164,0.540897,0.541408,0.532186,0.431282,0.65066,0.595782,0.647721,0.451338,0.487059,0.480586,0.315879,0.49047,0.71789,0.446387,0.347482,0.235361,0.569975,0.441948,0.59916,0.410882,0.484415	0.548888,0.496275,0.543087,0.308153,0.583612,0.561054,0.381354,0.375163,0.64162,0.446014,0.574751,0.483671,0.560264,0.539685,0.507365,0.441022,0.647127,0.62328,0.651509,0.472632,0.452243,0.523286,0.329299,0.520293,0.708637,0.45636,0.351751,0.310447,0.559274,0.463217,0.591073,0.448916,0.479015	-0.00192416,-0.0164491,-0.0144295,0.00242941,-0.00562472,0.00903377,-0.0300212,0.0300895,-0.0204424,-0.0110263,-0.00112393,-0.0304665,-0.00970253,-0.0345455,-0.00747425,-0.00585654,-0.0180089
