ann	ano	arg	27935.7	69565.7	27180.9	173626	211612	72222.8	215918	212346	113837
ann	ano	deb	37734.9	38086.1	42519.1	161915	216318	116630	157630	211508	116865
ann	ano	des	27836	27413.6	85803.7	257338	214344	116342	198959	156500	115926
ann	ano	niv	31454.6	33224.1	51992.7	161943	212437	111951	143161	191867	113608
ann	ano	par	33233.8	45120.5	35351.8	203273	202914	97761.1	212982	200710	109738
ann	ano	pet_fal	31023	40009.1	49603.6	134657	217949	108404	124978	199343	117322
ann	ano	pet_pet	30989.9	41942.8	47826.3	149948	217079	105680	144211	200271	116667
ann	arg	deb	72080.8	29120.7	31161.2	163662	179950	117940	161695	220858	74912.9
ann	arg	des	72417.2	28729.5	28766.8	262028	178549	118135	261968	222190	74432.9
ann	arg	niv	69063.9	28550.2	28166.6	164391	176436	114075	164747	217267	73483.9
ann	arg	par	60706.7	32428.6	30720	205753	168934	98853.7	207433	198957	70536.6
ann	arg	pet_fal	66755	32045.8	31146.4	136796	180995	110046	137796	216619	75353.6
ann	arg	pet_pet	65172.8	32804.7	32016.5	152504	180068	107503	153211	213342	75063.7
ann	deb	des	39684.3	38701.1	45576.8	268421	166291	120778	261590	160644	119692
ann	deb	niv	36343	37832.1	46922.4	168451	164425	116851	159404	153936	118202
ann	deb	par	35720.4	47820.4	36633.8	210505	157002	101683	221602	156053	113746
ann	deb	pet_fal	32370.2	41214.4	59372.1	139215	168609	112609	121075	141622	121587
ann	deb	pet_pet	31306.9	42243	61748.1	155147	167754	110406	135787	137250	121386
ann	des	niv	32047.7	34448.5	56953.4	166941	262797	116086	144433	238035	118434
ann	des	par	34257.9	47171.1	37311.1	209278	251068	101057	219002	247962	113731
ann	des	pet_fal	31740.6	41577.5	54161.1	139064	269613	111829	126482	247327	121604
ann	des	pet_pet	31768.3	43626.7	51904.8	154600	268643	109212	146407	248599	120894
ann	niv	par	33987	44410.5	36529	206615	157245	99808.6	214483	154648	110063
ann	niv	pet_fal	30114.9	37317.4	59562.3	137090	169185	110390	114814	139668	117618
ann	niv	pet_pet	30201.8	39465.4	56501.2	152496	168425	107635	135386	142133	116776
ann	par	pet_fal	42039.4	38286.2	40484.5	130954	212455	106079	128763	213983	102389
ann	par	pet_pet	41389.8	39675.5	40368.3	146118	211036	103601	145551	212014	101872
ann	pet_fal	pet_pet	28548.9	30673.1	97084.1	156091	139548	110804	89590	71022.2	112913
ano	arg	deb	36151.3	41576.2	39217.5	151366	212586	203759	153779	209572	209170
ano	arg	des	26939.5	83471.8	27243.5	191864	211584	150798	248087	211292	207335
ano	arg	niv	30573.3	51173.7	32648.3	138320	208645	184528	156730	206694	205201
ano	arg	par	32547.9	35344.7	43069.8	205144	199478	193076	197544	188935	195997
ano	arg	pet_fal	30403.7	49084.5	38888.1	120754	214552	191888	130960	206053	210638
ano	arg	pet_pet	30254.6	47304.7	40795.9	139320	213256	192900	145692	202819	209845
ano	deb	des	29135.1	81585.9	30374.5	196218	154137	154556	247548	152882	206888
ano	deb	niv	32814.5	48467.1	38484.8	141684	152189	189243	151680	146286	204859
ano	deb	par	40295.2	38154.5	37185	210358	145096	197777	211429	148295	195678
ano	deb	pet_fal	31146.2	44724.3	52326.2	123595	156527	196605	115874	135301	210173
ano	deb	pet_pet	30915.5	42844.2	55389.3	142517	155394	197750	129978	130937	209700
ano	des	niv	67530	31702.5	34599.5	140292	192642	187512	137421	225619	151662
ano	des	par	78967.6	27911.1	28178.8	208600	184265	195950	208375	235094	144811
ano	des	pet_fal	71535.8	32186.2	34637.8	123023	197774	194973	120553	234553	155669
ano	des	pet_pet	72563.8	31760.9	33779.4	141661	196981	195755	139611	235617	154834
ano	niv	par	48506.1	31672.3	33651.6	206019	132285	193754	204122	147119	177039
ano	niv	pet_fal	38491.2	36005.3	47731.2	121264	142367	193045	109533	133130	190584
ano	niv	pet_pet	39458.5	35424.4	45763	139754	141203	193615	129316	134814	189656
ano	par	pet_fal	31730.2	46643.1	39970	115671	211746	184004	122384	203462	198958
ano	par	pet_pet	31881.6	45236.2	40596.7	133438	210600	184503	138058	201910	197852
ano	pet_fal	pet_pet	30408	28812	85907.1	143098	123579	198996	85924.9	67934.2	197301
arg	deb	des	40548	37583.1	44268.3	258869	158337	219249	252227	154594	216291
arg	deb	niv	37421.5	36474.9	45722.9	162602	156789	214448	153433	148382	213544
arg	deb	par	37097.6	45137.1	36150.4	204942	149396	196143	213969	150350	204167
arg	deb	pet_fal	33752.8	39335.7	57885.2	136049	160540	213527	117444	136396	219067
arg	deb	pet_pet	32631.8	40361.6	60036.2	150648	159801	210155	130956	132339	217793
arg	des	niv	31630.6	33555.5	55731.7	161434	253371	213101	139249	229366	214994
arg	des	par	34075.4	44907.6	37047.7	203518	242071	194917	211153	239041	205690
arg	des	pet_fal	31635.9	40175.9	53321.6	134796	260109	212378	121472	238499	220892
arg	des	pet_pet	31516.5	42172.1	50966.5	149693	258757	209345	141020	239371	219950
arg	niv	par	33557.3	42323.3	36407.6	200800	152174	192285	206641	149270	200960
arg	niv	pet_fal	29674.1	36062	58561.4	132949	163713	209199	110460	135103	215550
arg	niv	pet_pet	29681.9	38199.5	55487.4	147799	162971	206362	130389	137412	214884
arg	par	pet_fal	40382.7	37496.7	40592.2	127281	206276	200302	124201	205909	197422
arg	par	pet_pet	39619.1	38863.1	40364	141766	205393	197494	140326	204678	196743
arg	pet_fal	pet_pet	27651.2	29854	94793.5	151639	136119	211707	86878	68775.1	213962
deb	des	niv	34396.5	38967.7	52367	155916	252964	150785	142459	235040	155336
deb	des	par	42876.7	38514.9	39738.4	217392	241887	152885	216079	244992	148555
deb	des	pet_fal	32688.6	53285.5	47964.7	118970	259816	138903	124327	244490	159503
deb	des	pet_pet	32511.3	56467	45575.3	133256	258675	134652	144274	245592	158690
deb	niv	par	44312.4	35620.8	38569.2	214817	146874	150470	211817	152657	141756
deb	niv	pet_fal	31914.3	47541.6	51982.8	117559	158320	137028	113090	138230	152612
deb	niv	pet_pet	31854.8	50847	48861	131637	156971	132812	133639	139836	151812
deb	par	pet_fal	32124.6	56069.3	41688.6	112385	220130	130824	126673	210483	154810
deb	par	pet_pet	31441.1	58539.6	41483.4	126072	219079	126862	143159	209049	153977
deb	pet_fal	pet_pet	32817.5	36393.6	82486.6	134879	119492	135929	88880.7	69824.6	139536
des	niv	par	52674.9	32791.6	34550.7	212278	133444	239663	210610	151551	219737
des	niv	pet_fal	41647.6	38533.3	48087.7	121692	143226	239479	112075	136707	236391
des	niv	pet_pet	42823.3	37690.3	46254.2	141480	142728	240565	132752	139293	235517
des	par	pet_fal	32935.6	50550.9	41247.4	116839	217451	229023	126054	209178	246577
des	par	pet_pet	33220.1	48742.3	42001.2	135452	216645	229622	142182	207970	245006
des	pet_fal	pet_pet	32632.2	30520	87311.7	144874	124417	246550	88120.4	69591.4	244445
niv	par	pet_fal	30929.6	55389.8	37294.7	106337	213391	129342	124537	206978	153817
niv	par	pet_pet	31304	52891	38145.9	125576	211891	131247	140192	205080	152970
niv	pet_fal	pet_pet	34486.5	31528.7	78732.3	134704	113068	141421	87484.7	68748.6	138458
par	pet_fal	pet_pet	29345.5	29913.8	90072.5	143730	126744	210490	83540	65810.2	211027
