#topo1 (Outgroup,((ano,ann),pet));
#topo2 (Outgroup,((ano,pet),ann));
#topo3 (Outgroup,(ano,(ann,pet)));
topo1	topo2	topo3
64	0	0
64	0	0
0	64	0
0	0	64
32	0	32
0	64	0
0	64	0
0	64	0
0	0	64
0	64	0
0	16	48
0	0	64
0	0	64
0	0	64
64	0	0
0	24	40
64	0	0
0	16	48
24	24	16
64	0	0
0	64	0
32	0	32
64	0	0
64	0	0
64	0	0
32	0	32
64	0	0
8	8	48
48	0	16
64	0	0
0	32	32
8	16	40
0	16	48
12	0	52
24	40	0
0	64	0
64	0	0
0	64	0
16	32	16
64	0	0
0	64	0
16	48	0
0	48	16
12	36	16
36	16	12
8	24	32
0	64	0
0	16	48
0	64	0
0	64	0
0	64	0
0	64	0
0	64	0
0	64	0
32	16	16
0	64	0
0	64	0
0	64	0
64	0	0
0	64	0
64	0	0
16	24	24
0	64	0
64	0	0
0	64	0
0	64	0
0	64	0
0	64	0
0	64	0
0	64	0
0	64	0
32	16	16
12	16	36
48	0	16
0	32	32
0	16	48
32	32	0
0	64	0
0	64	0
0	16	48
0	0	64
16	32	16
0	0	64
0	0	64
0	0	64
0	0	64
0	0	64
24	8	32
8	24	32
48	0	16
16	0	48
32	8	24
0	0	64
24	12	28
0	0	64
0	0	64
16	0	48
12	0	52
0	0	64
16	48	0
0	64	0
32	4	28
16	0	48
0	0	64
0	32	32
30	18	16
64	0	0
32	0	32
0	0	64
32	8	24
8	56	0
0	0	64
32	24	8
0	0	64
16	0	48
0	0	64
0	0	64
0	0	64
4	28	32
0	64	0
0	16	48
0	64	0
0	64	0
64	0	0
0	64	0
0	64	0
32	32	0
64	0	0
0	16	48
0	0	64
0	16	48
0	0	64
0	64	0
0	0	64
0	0	64
0	64	0
32	32	0
64	0	0
0	64	0
0	0	64
48	8	8
0	0	64
0	0	64
16	0	48
0	0	64
0	64	0
0	0	64
40	12	12
32	32	0
0	0	64
10	6	48
0	64	0
48	16	0
0	64	0
0	48	16
0	0	64
64	0	0
0	64	0
0	0	64
0	64	0
0	64	0
0	0	64
0	64	0
0	64	0
24	16	24
16	0	48
48	0	16
0	64	0
0	64	0
12	24	28
0	64	0
0	64	0
32	8	24
0	64	0
64	0	0
0	64	0
0	64	0
0	64	0
0	64	0
0	48	16
32	16	16
0	32	32
0	64	0
0	64	0
0	64	0
0	64	0
64	0	0
24	32	8
0	48	16
64	0	0
0	64	0
14	24	26
0	32	32
0	64	0
0	64	0
0	0	64
0	16	48
0	64	0
0	64	0
64	0	0
0	64	0
0	64	0
8	32	24
0	36	28
32	0	32
64	0	0
16	0	48
0	32	32
8	0	56
10	40	14
0	64	0
0	64	0
16	0	48
0	16	48
0	64	0
32	32	0
16	0	48
0	0	64
0	64	0
0	64	0
0	0	64
0	0	64
0	0	64
0	0	64
0	64	0
0	0	64
0	0	64
20	4	40
0	0	64
16	0	48
0	0	64
0	32	32
0	0	64
32	16	16
18	28	18
0	12	52
16	48	0
20	16	28
0	32	32
64	0	0
64	0	0
0	16	48
16	0	48
0	0	64
64	0	0
12	0	52
0	0	64
0	0	64
0	0	64
16	48	0
24	12	28
0	48	16
0	48	16
32	0	32
32	24	8
0	32	32
0	32	32
0	64	0
32	32	0
32	32	0
16	48	0
0	64	0
0	64	0
0	64	0
0	0	64
0	64	0
0	16	48
0	64	0
0	0	64
0	64	0
64	0	0
0	32	32
0	0	64
0	0	64
0	32	32
0	0	64
64	0	0
0	0	64
20	28	16
0	48	16
0	40	24
16	28	20
0	0	64
0	0	64
4	44	16
22	10	32
8	48	8
0	16	48
0	0	64
32	0	32
0	32	32
0	0	64
32	16	16
0	0	64
0	64	0
40	24	0
0	12	52
32	32	0
32	8	24
32	28	4
0	0	64
0	32	32
0	0	64
16	12	36
0	0	64
48	0	16
24	24	16
0	0	64
0	40	24
32	32	0
12	52	0
0	16	48
8	48	8
0	0	64
64	0	0
0	64	0
0	0	64
0	64	0
0	64	0
0	32	32
24	16	24
16	0	48
16	0	48
0	64	0
0	64	0
0	0	64
0	64	0
0	0	64
56	0	8
0	64	0
32	32	0
64	0	0
32	32	0
16	0	48
4	0	60
0	64	0
32	0	32
48	16	0
0	16	48
0	0	64
0	0	64
0	0	64
0	0	64
32	32	0
64	0	0
0	16	48
4	24	36
0	64	0
0	64	0
0	64	0
32	0	32
0	0	64
0	64	0
24	0	40
48	0	16
64	0	0
0	64	0
0	0	64
0	0	64
0	64	0
0	0	64
16	0	48
64	0	0
0	0	64
16	0	48
0	0	64
0	0	64
0	64	0
24	16	24
0	0	64
64	0	0
64	0	0
16	0	48
0	64	0
16	48	0
0	64	0
0	64	0
0	64	0
0	64	0
0	64	0
0	0	64
16	32	16
0	0	64
22	24	18
0	64	0
0	48	16
8	32	24
16	48	0
16	48	0
64	0	0
36	12	16
16	0	48
0	64	0
0	64	0
8	48	8
24	22	18
0	64	0
4	60	0
0	64	0
0	64	0
0	64	0
0	0	64
0	64	0
0	64	0
0	64	0
0	64	0
64	0	0
0	64	0
0	0	64
0	64	0
0	64	0
0	0	64
0	64	0
8	48	8
0	32	32
0	64	0
0	64	0
0	64	0
0	0	64
48	0	16
0	64	0
0	16	48
0	64	0
0	64	0
0	64	0
0	64	0
0	64	0
0	64	0
0	64	0
0	0	64
48	0	16
64	0	0
64	0	0
38	0	26
0	64	0
16	32	16
0	64	0
0	64	0
8	0	56
64	0	0
64	0	0
0	32	32
0	0	64
0	64	0
0	48	16
0	0	64
0	64	0
0	64	0
64	0	0
64	0	0
64	0	0
64	0	0
0	32	32
64	0	0
0	0	64
8	56	0
0	0	64
0	64	0
0	40	24
0	64	0
0	64	0
10	40	14
0	48	16
0	64	0
0	64	0
0	48	16
0	64	0
0	64	0
32	32	0
56	8	0
16	24	24
32	0	32
0	0	64
0	0	64
0	64	0
16	32	16
0	0	64
0	32	32
16	0	48
64	0	0
8	0	56
32	32	0
8	48	8
20	20	24
0	0	64
40	0	24
8	24	32
0	0	64
0	64	0
48	16	0
0	0	64
20	24	20
0	64	0
0	64	0
24	40	0
0	0	64
6	50	8
0	64	0
0	64	0
0	0	64
0	32	32
0	0	64
0	0	64
0	0	64
12	16	36
0	0	64
0	64	0
0	48	16
0	64	0
26	16	22
64	0	0
0	40	24
0	64	0
32	0	32
0	64	0
0	64	0
0	64	0
32	0	32
56	0	8
0	64	0
8	56	0
0	0	64
0	32	32
0	0	64
0	0	64
0	64	0
0	48	16
42	8	14
0	0	64
0	0	64
4	0	60
0	0	64
24	32	8
0	0	64
0	0	64
2	28	34
24	24	16
20	24	20
0	16	48
48	0	16
64	0	0
0	40	24
0	0	64
32	16	16
16	0	48
64	0	0
16	0	48
0	64	0
0	0	64
0	64	0
0	0	64
0	32	32
0	0	64
0	0	64
0	64	0
0	0	64
0	0	64
0	64	0
32	0	32
0	0	64
0	0	64
48	0	16
64	0	0
0	32	32
0	16	48
0	28	36
0	60	4
0	64	0
0	0	64
0	64	0
0	0	64
0	0	64
16	0	48
16	0	48
0	0	64
16	0	48
0	64	0
0	48	16
0	0	64
32	0	32
0	0	64
0	32	32
64	0	0
32	16	16
0	24	40
16	48	0
0	0	64
64	0	0
0	0	64
0	64	0
0	0	64
0	0	64
8	32	24
0	0	64
64	0	0
0	36	28
64	0	0
0	64	0
0	0	64
0	48	16
64	0	0
24	8	32
0	64	0
0	0	64
0	64	0
0	64	0
0	64	0
48	16	0
0	64	0
0	64	0
0	64	0
0	0	64
64	0	0
0	0	64
0	0	64
0	64	0
32	0	32
0	32	32
16	16	32
0	64	0
0	64	0
24	24	16
0	64	0
0	32	32
16	0	48
0	0	64
64	0	0
0	0	64
16	18	30
0	0	64
0	64	0
64	0	0
24	0	40
0	48	16
16	32	16
16	16	32
4	8	52
24	8	32
0	0	64
0	16	48
48	16	0
16	0	48
32	0	32
0	64	0
0	64	0
0	64	0
0	64	0
0	64	0
0	0	64
0	64	0
32	0	32
0	0	64
0	0	64
0	0	64
0	0	64
0	32	32
0	0	64
0	64	0
0	64	0
32	0	32
64	0	0
0	0	64
0	32	32
24	16	24
16	48	0
0	48	16
0	64	0
0	16	48
64	0	0
0	64	0
64	0	0
0	64	0
0	0	64
64	0	0
0	32	32
64	0	0
0	64	0
0	0	64
0	0	64
0	0	64
0	0	64
0	48	16
0	0	64
0	0	64
32	16	16
32	32	0
32	16	16
0	0	64
32	32	0
0	32	32
0	0	64
32	32	0
0	32	32
0	48	16
0	0	64
40	8	16
0	0	64
32	32	0
0	64	0
0	64	0
0	0	64
0	64	0
0	48	16
0	64	0
0	32	32
0	32	32
32	0	32
32	32	0
16	32	16
0	48	16
0	16	48
0	64	0
0	32	32
0	32	32
0	64	0
0	64	0
48	8	8
8	24	32
0	0	64
32	24	8
0	0	64
12	52	0
0	64	0
0	16	48
34	13	17
12	24	28
0	0	64
0	16	48
0	64	0
8	8	48
0	0	64
40	24	0
16	48	0
40	8	16
36	12	16
16	32	16
0	0	64
32	0	32
0	64	0
12	52	0
32	0	32
64	0	0
48	8	8
32	32	0
0	64	0
0	0	64
0	16	48
16	48	0
0	64	0
0	64	0
0	32	32
0	0	64
32	0	32
40	8	16
16	32	16
32	0	32
0	0	64
0	64	0
0	48	16
24	16	24
0	16	48
6	30	28
0	64	0
34	26	4
0	64	0
64	0	0
8	32	24
0	48	16
4	0	60
0	0	64
18	20	26
0	64	0
38	14	12
0	0	64
48	0	16
24	24	16
64	0	0
16	16	32
8	8	48
16	24	24
34	0	30
64	0	0
0	0	64
0	64	0
64	0	0
0	64	0
0	0	64
32	0	32
48	16	0
16	24	24
0	0	64
32	0	32
0	64	0
32	16	16
16	0	48
64	0	0
48	16	0
0	64	0
0	0	64
56	0	8
0	64	0
0	0	64
64	0	0
0	64	0
64	0	0
0	64	0
48	16	0
16	48	0
64	0	0
32	32	0
0	64	0
0	48	16
64	0	0
0	0	64
14	42	8
64	0	0
8	32	24
0	48	16
32	24	8
0	0	64
0	0	64
0	0	64
0	0	64
0	32	32
0	0	64
0	0	64
64	0	0
0	48	16
0	64	0
0	64	0
0	0	64
64	0	0
0	64	0
64	0	0
16	32	16
8	28	28
0	32	32
64	0	0
0	64	0
0	0	64
24	40	0
0	64	0
0	64	0
0	0	64
24	36	4
32	32	0
40	24	0
28	20	16
0	32	32
32	32	0
64	0	0
64	0	0
0	0	64
32	32	0
64	0	0
32	32	0
0	64	0
0	64	0
0	32	32
0	0	64
32	32	0
64	0	0
0	0	64
0	0	64
0	64	0
12	12	40
32	16	16
16	16	32
0	64	0
0	64	0
32	24	8
48	8	8
0	0	64
6	50	8
8	16	40
24	0	40
0	0	64
8	48	8
0	48	16
0	64	0
0	16	48
0	0	64
0	0	64
0	64	0
0	0	64
0	32	32
32	16	16
0	64	0
0	64	0
22	32	10
16	16	32
32	16	16
36	0	28
0	64	0
0	0	64
8	32	24
0	0	64
0	0	64
0	0	64
48	0	16
0	0	64
0	0	64
16	0	48
48	0	16
24	16	24
32	32	0
32	16	16
16	28	20
24	32	8
0	0	64
0	48	16
0	0	64
0	0	64
8	48	8
0	0	64
8	48	8
0	16	48
16	0	48
0	0	64
0	0	64
32	32	0
0	0	64
0	64	0
16	16	32
4	60	0
24	0	40
0	64	0
0	64	0
0	64	0
0	64	0
0	0	64
0	0	64
0	64	0
0	0	64
0	64	0
0	0	64
0	0	64
16	16	32
0	0	64
0	64	0
64	0	0
0	0	64
0	32	32
32	0	32
0	0	64
0	0	64
0	0	64
16	0	48
0	16	48
32	0	32
0	64	0
16	0	48
0	64	0
0	16	48
0	0	64
0	64	0
0	64	0
0	64	0
0	0	64
64	0	0
64	0	0
0	64	0
20	28	16
0	64	0
0	0	64
0	0	64
0	64	0
0	64	0
48	0	16
16	0	48
0	64	0
0	64	0
0	56	8
32	32	0
0	64	0
64	0	0
0	64	0
0	64	0
0	0	64
24	40	0
0	0	64
0	64	0
0	64	0
0	0	64
20	32	12
16	0	48
64	0	0
0	0	64
64	0	0
32	32	0
0	64	0
0	48	16
0	64	0
16	48	0
32	32	0
0	0	64
0	64	0
64	0	0
32	0	32
0	0	64
48	0	16
0	64	0
8	56	0
0	0	64
0	0	64
64	0	0
0	64	0
32	0	32
48	0	16
64	0	0
0	0	64
0	64	0
16	48	0
0	64	0
64	0	0
12	4	48
0	0	64
16	0	48
64	0	0
0	0	64
32	32	0
0	0	64
0	0	64
0	32	32
64	0	0
0	64	0
64	0	0
0	64	0
64	0	0
40	0	24
0	64	0
0	64	0
0	0	64
0	64	0
0	64	0
0	44	20
0	32	32
0	0	64
0	0	64
0	32	32
64	0	0
64	0	0
32	32	0
48	0	16
0	64	0
0	64	0
0	0	64
24	24	16
48	16	0
32	32	0
64	0	0
0	64	0
16	48	0
32	0	32
0	0	64
0	64	0
0	0	64
0	0	64
24	16	24
0	64	0
0	64	0
0	64	0
0	64	0
0	64	0
0	0	64
0	64	0
0	64	0
0	0	64
52	8	4
48	8	8
0	64	0
0	64	0
0	64	0
0	64	0
64	0	0
32	32	0
0	64	0
4	0	60
8	0	56
32	32	0
64	0	0
16	0	48
64	0	0
0	0	64
0	0	64
32	16	16
0	16	48
0	64	0
0	64	0
0	64	0
0	64	0
0	64	0
0	64	0
0	64	0
0	64	0
0	0	64
0	64	0
32	32	0
0	64	0
0	64	0
0	64	0
0	64	0
0	64	0
0	16	48
0	0	64
0	64	0
0	64	0
40	16	8
0	64	0
0	0	64
0	64	0
32	0	32
0	64	0
0	64	0
64	0	0
0	64	0
32	32	0
0	64	0
0	64	0
0	0	64
0	0	64
0	0	64
0	64	0
16	0	48
0	64	0
12	16	36
0	32	32
16	0	48
0	64	0
0	0	64
18	4	42
0	64	0
0	0	64
48	8	8
18	16	30
32	32	0
0	0	64
64	0	0
16	4	44
0	32	32
32	0	32
0	32	32
0	16	48
24	16	24
0	64	0
64	0	0
0	64	0
0	64	0
36	20	8
64	0	0
0	64	0
32	32	0
0	16	48
0	64	0
4	44	16
40	0	24
0	64	0
48	0	16
0	64	0
0	64	0
48	16	0
14	26	24
0	64	0
0	64	0
0	64	0
44	8	12
0	0	64
28	27	9
64	0	0
0	64	0
0	32	32
24	32	8
8	44	12
0	64	0
0	64	0
0	64	0
32	16	16
0	64	0
0	48	16
12	16	36
0	16	48
64	0	0
0	64	0
0	64	0
0	0	64
0	0	64
0	64	0
0	0	64
64	0	0
14	34	16
56	8	0
0	0	64
0	0	64
0	0	64
0	0	64
64	0	0
0	64	0
64	0	0
0	0	64
0	64	0
32	0	32
0	0	64
0	64	0
0	0	64
0	64	0
0	0	64
16	10	38
16	48	0
0	64	0
32	0	32
16	0	48
0	0	64
0	32	32
0	0	64
16	48	0
0	64	0
0	0	64
0	0	64
0	0	64
0	0	64
0	64	0
0	0	64
32	32	0
12	0	52
0	64	0
0	64	0
64	0	0
48	16	0
48	16	0
8	8	48
8	16	40
0	0	64
12	16	36
8	0	56
0	0	64
0	0	64
0	16	48
64	0	0
0	0	64
0	64	0
0	64	0
0	0	64
0	64	0
64	0	0
0	64	0
0	64	0
0	64	0
0	64	0
0	64	0
0	0	64
64	0	0
64	0	0
0	0	64
0	0	64
0	64	0
0	64	0
4	60	0
0	64	0
0	64	0
32	32	0
32	32	0
12	16	36
0	64	0
0	64	0
0	0	64
0	64	0
0	64	0
0	64	0
64	0	0
16	0	48
24	16	24
0	64	0
64	0	0
0	64	0
0	0	64
64	0	0
0	0	64
0	64	0
64	0	0
0	64	0
0	0	64
0	64	0
0	64	0
12	34	18
0	64	0
64	0	0
0	64	0
0	64	0
32	32	0
0	0	64
0	64	0
0	64	0
0	64	0
0	48	16
18	6	40
0	0	64
0	64	0
0	0	64
16	32	16
48	0	16
0	0	64
32	32	0
0	0	64
0	0	64
14	18	32
12	24	28
16	32	16
0	0	64
32	32	0
32	24	8
0	0	64
16	12	36
0	64	0
16	24	24
0	32	32
0	48	16
0	64	0
48	0	16
28	16	20
8	56	0
0	16	48
32	32	0
32	32	0
0	0	64
0	0	64
20	24	20
64	0	0
0	0	64
16	32	16
0	0	64
64	0	0
0	64	0
64	0	0
0	64	0
0	32	32
0	64	0
64	0	0
0	0	64
0	64	0
32	32	0
64	0	0
0	0	64
16	8	40
0	0	64
64	0	0
16	48	0
64	0	0
0	64	0
16	48	0
0	32	32
0	64	0
32	0	32
0	0	64
0	0	64
0	64	0
0	32	32
0	64	0
0	56	8
0	0	64
8	32	24
0	64	0
32	4	28
0	64	0
0	64	0
0	0	64
0	64	0
0	24	40
0	64	0
56	8	0
0	0	64
8	8	48
48	16	0
64	0	0
0	64	0
24	22	18
0	64	0
0	64	0
0	64	0
0	64	0
0	64	0
0	64	0
0	64	0
0	32	32
0	64	0
32	32	0
0	64	0
0	64	0
0	64	0
0	64	0
0	64	0
0	64	0
0	16	48
6	34	24
0	64	0
0	0	64
16	32	16
0	64	0
0	0	64
0	64	0
40	24	0
0	0	64
0	0	64
64	0	0
0	48	16
0	0	64
0	0	64
8	32	24
0	32	32
0	64	0
0	48	16
64	0	0
0	0	64
0	0	64
0	32	32
0	8	56
0	64	0
0	64	0
64	0	0
0	64	0
0	0	64
0	64	0
0	64	0
0	0	64
24	20	20
10	4	50
0	16	48
48	16	0
48	0	16
0	0	64
0	0	64
16	48	0
0	32	32
0	0	64
0	64	0
32	32	0
0	64	0
8	8	48
16	0	48
0	64	0
64	0	0
64	0	0
0	0	64
0	0	64
32	16	16
0	16	48
0	64	0
24	16	24
0	0	64
0	16	48
0	64	0
0	48	16
48	16	0
0	0	64
0	64	0
0	64	0
64	0	0
0	64	0
0	0	64
0	0	64
0	8	56
48	0	16
0	16	48
0	64	0
0	64	0
0	16	48
0	64	0
0	0	64
8	8	48
0	0	64
32	0	32
40	0	24
0	32	32
64	0	0
16	40	8
64	0	0
32	32	0
16	16	32
48	16	0
18	38	8
24	8	32
20	16	28
0	0	64
16	16	32
32	16	16
0	0	64
64	0	0
0	64	0
32	16	16
48	0	16
64	0	0
46	14	4
48	8	8
40	16	8
0	64	0
48	16	0
0	64	0
4	24	36
8	48	8
0	48	16
0	48	16
16	48	0
32	16	16
32	32	0
0	32	32
0	64	0
44	0	20
0	64	0
0	32	32
0	52	12
0	0	64
0	64	0
0	16	48
0	32	32
0	64	0
64	0	0
0	64	0
16	32	16
0	32	32
64	0	0
0	32	32
0	24	40
32	0	32
16	48	0
8	24	32
48	0	16
0	64	0
0	64	0
32	16	16
16	48	0
0	64	0
0	64	0
0	48	16
48	0	16
32	32	0
32	32	0
8	56	0
32	0	32
0	0	64
0	14	50
0	64	0
0	64	0
0	0	64
36	16	12
8	56	0
0	64	0
0	0	64
0	64	0
0	64	0
0	64	0
64	0	0
8	48	8
0	64	0
0	64	0
0	64	0
16	16	32
0	64	0
32	10	22
64	0	0
0	64	0
0	64	0
64	0	0
0	64	0
0	64	0
0	64	0
0	48	16
0	64	0
64	0	0
0	64	0
0	64	0
0	48	16
0	64	0
0	0	64
0	64	0
0	64	0
0	0	64
0	64	0
64	0	0
64	0	0
0	64	0
0	64	0
0	64	0
32	32	0
0	64	0
0	0	64
0	64	0
0	64	0
16	0	48
0	64	0
0	64	0
0	64	0
0	64	0
0	64	0
0	64	0
0	64	0
32	32	0
0	64	0
0	0	64
0	64	0
24	8	32
0	64	0
16	48	0
16	48	0
16	16	32
0	0	64
16	48	0
64	0	0
0	64	0
0	64	0
0	64	0
48	0	16
0	0	64
64	0	0
0	64	0
0	64	0
0	64	0
0	64	0
0	64	0
0	32	32
0	64	0
0	64	0
0	64	0
0	64	0
0	64	0
0	64	0
0	64	0
0	64	0
0	64	0
0	16	48
0	32	32
16	32	16
0	0	64
32	0	32
16	48	0
0	64	0
0	64	0
0	64	0
0	64	0
0	0	64
0	64	0
0	32	32
0	64	0
0	64	0
16	32	16
0	64	0
0	0	64
64	0	0
16	48	0
0	64	0
0	64	0
32	32	0
64	0	0
0	0	64
0	64	0
36	16	12
0	16	48
0	64	0
0	64	0
0	64	0
0	64	0
0	64	0
8	28	28
0	32	32
0	64	0
0	64	0
32	16	16
0	64	0
0	64	0
48	16	0
0	64	0
0	64	0
0	64	0
0	64	0
0	0	64
0	64	0
0	64	0
0	64	0
0	64	0
0	0	64
0	40	24
0	64	0
0	64	0
0	64	0
0	64	0
0	64	0
0	16	48
0	64	0
0	64	0
0	64	0
0	64	0
0	0	64
0	64	0
0	64	0
0	64	0
0	64	0
0	64	0
0	64	0
0	64	0
0	40	24
28	16	20
0	64	0
24	24	16
5	17	42
8	32	24
0	0	64
0	0	64
0	64	0
0	0	64
0	32	32
40	0	24
32	0	32
6	50	8
52	12	0
0	56	8
8	24	32
0	0	64
0	16	48
0	32	32
0	64	0
4	22	38
0	64	0
56	8	0
12	8	44
32	0	32
0	64	0
0	64	0
0	32	32
32	0	32
0	64	0
0	64	0
0	0	64
24	8	32
32	24	8
64	0	0
64	0	0
8	48	8
16	32	16
16	48	0
16	16	32
0	32	32
30	6	28
48	16	0
0	64	0
0	16	48
0	8	56
12	16	36
40	8	16
16	16	32
48	0	16
32	32	0
48	0	16
64	0	0
0	16	48
32	32	0
32	32	0
12	4	48
64	0	0
36	20	8
64	0	0
8	24	32
8	14	42
0	32	32
32	0	32
0	64	0
0	0	64
0	64	0
64	0	0
0	64	0
64	0	0
16	24	24
0	64	0
0	64	0
0	0	64
0	32	32
0	0	64
0	0	64
0	64	0
0	64	0
0	40	24
0	0	64
0	0	64
64	0	0
32	16	16
64	0	0
48	16	0
8	32	24
48	16	0
0	0	64
64	0	0
0	64	0
0	32	32
64	0	0
0	64	0
0	64	0
38	26	0
0	64	0
12	52	0
0	64	0
0	64	0
16	0	48
0	0	64
4	40	20
64	0	0
32	32	0
0	0	64
64	0	0
0	0	64
0	32	32
8	48	8
64	0	0
4	60	0
0	48	16
12	0	52
0	64	0
10	54	0
64	0	0
0	48	16
0	64	0
64	0	0
0	64	0
0	64	0
4	60	0
0	64	0
0	0	64
64	0	0
0	20	44
0	32	32
48	0	16
64	0	0
40	0	24
0	64	0
0	64	0
0	32	32
0	64	0
0	16	48
0	16	48
0	64	0
64	0	0
64	0	0
0	64	0
64	0	0
32	32	0
0	64	0
0	64	0
24	28	12
16	0	48
0	64	0
0	64	0
0	64	0
32	0	32
32	32	0
32	16	16
0	64	0
0	0	64
64	0	0
12	20	32
0	64	0
0	64	0
0	64	0
0	64	0
0	64	0
0	64	0
0	64	0
0	16	48
0	64	0
0	64	0
0	64	0
0	0	64
0	64	0
20	44	0
4	48	12
0	64	0
64	0	0
48	16	0
48	0	16
0	64	0
0	0	64
0	64	0
0	56	8
0	16	48
64	0	0
0	64	0
0	64	0
0	64	0
32	32	0
0	48	16
0	64	0
48	0	16
16	0	48
0	64	0
0	32	32
64	0	0
0	0	64
0	64	0
0	64	0
32	24	8
64	0	0
24	24	16
16	48	0
0	64	0
0	64	0
0	64	0
0	56	8
32	24	8
0	64	0
0	16	48
12	52	0
0	0	64
48	16	0
0	0	64
16	32	16
16	8	40
12	12	40
64	0	0
4	16	44
0	0	64
64	0	0
6	18	40
16	16	32
0	0	64
32	16	16
0	32	32
36	4	24
0	0	64
0	0	64
0	0	64
12	44	8
0	0	64
0	64	0
13	18	33
0	32	32
12	20	32
24	18	22
0	32	32
4	60	0
12	32	20
16	32	16
56	0	8
0	64	0
8	32	24
0	64	0
0	64	0
0	0	64
0	64	0
64	0	0
0	64	0
0	64	0
32	32	0
0	64	0
0	0	64
0	64	0
64	0	0
64	0	0
0	64	0
0	64	0
64	0	0
32	0	32
0	64	0
32	0	32
64	0	0
0	0	64
64	0	0
0	64	0
16	48	0
12	4	48
0	0	64
0	0	64
0	0	64
0	64	0
0	32	32
0	64	0
0	64	0
32	32	0
16	48	0
64	0	0
16	48	0
0	0	64
0	0	64
0	64	0
16	24	24
48	16	0
16	28	20
32	0	32
16	16	32
40	24	0
48	0	16
56	0	8
0	64	0
0	0	64
16	8	40
32	32	0
64	0	0
64	0	0
0	0	64
0	40	24
64	0	0
0	64	0
0	60	4
0	0	64
0	32	32
0	48	16
0	48	16
0	0	64
0	64	0
64	0	0
0	0	64
0	64	0
0	0	64
0	0	64
16	48	0
0	48	16
64	0	0
0	64	0
0	64	0
0	0	64
0	0	64
0	64	0
0	64	0
16	48	0
0	64	0
0	64	0
48	0	16
32	32	0
0	0	64
0	16	48
32	32	0
0	64	0
0	64	0
0	64	0
48	0	16
0	64	0
0	0	64
0	0	64
0	64	0
32	0	32
0	0	64
0	64	0
8	56	0
0	16	48
48	16	0
0	0	64
16	24	24
4	16	44
0	48	16
0	32	32
0	64	0
0	64	0
0	64	0
0	0	64
0	0	64
64	0	0
64	0	0
0	0	64
10	4	50
16	8	40
32	32	0
64	0	0
32	8	24
16	0	48
0	64	0
64	0	0
32	0	32
28	28	8
0	0	64
64	0	0
0	0	64
0	0	64
22	2	40
0	0	64
0	64	0
32	0	32
0	48	16
0	64	0
16	32	16
0	64	0
0	32	32
0	0	64
0	64	0
16	32	16
8	6	50
48	16	0
0	0	64
48	0	16
0	16	48
0	0	64
32	32	0
0	16	48
0	0	64
16	0	48
0	48	16
20	26	18
0	64	0
48	0	16
0	64	0
20	20	24
8	40	16
0	32	32
0	0	64
48	0	16
64	0	0
32	0	32
0	32	32
0	48	16
4	56	4
64	0	0
32	24	8
16	32	16
64	0	0
16	48	0
0	56	8
0	16	48
0	0	64
0	32	32
8	48	8
56	4	4
16	16	32
16	16	32
16	12	36
0	16	48
30	34	0
0	64	0
8	12	44
16	16	32
16	0	48
32	32	0
32	16	16
0	64	0
64	0	0
0	0	64
64	0	0
16	0	48
0	0	64
32	32	0
16	0	48
32	32	0
24	30	10
0	0	64
32	16	16
26	10	28
0	0	64
0	64	0
16	48	0
16	12	36
0	64	0
0	64	0
22	26	16
0	32	32
0	0	64
12	52	0
0	32	32
0	64	0
0	32	32
32	32	0
32	32	0
32	32	0
0	32	32
0	32	32
0	64	0
8	32	24
24	8	32
0	64	0
0	32	32
64	0	0
48	16	0
22	16	26
32	0	32
0	64	0
0	32	32
0	64	0
0	0	64
0	0	64
48	16	0
32	32	0
0	32	32
14	18	32
0	32	32
12	48	4
0	32	32
0	24	40
0	0	64
0	48	16
64	0	0
0	32	32
16	32	16
64	0	0
0	32	32
0	0	64
64	0	0
0	64	0
0	0	64
0	64	0
0	64	0
64	0	0
0	0	64
0	32	32
64	0	0
0	0	64
0	64	0
0	56	8
64	0	0
0	64	0
0	0	64
0	0	64
32	0	32
0	64	0
0	64	0
0	48	16
24	36	4
0	64	0
40	16	8
0	64	0
0	0	64
0	64	0
0	0	64
32	32	0
16	0	48
0	48	16
0	64	0
0	64	0
0	64	0
12	16	36
0	64	0
64	0	0
64	0	0
0	64	0
24	12	28
32	32	0
0	56	8
64	0	0
0	0	64
0	0	64
64	0	0
64	0	0
0	64	0
64	0	0
0	64	0
64	0	0
8	48	8
0	0	64
48	16	0
16	26	22
32	32	0
0	32	32
0	64	0
32	0	32
0	64	0
0	64	0
0	0	64
64	0	0
0	32	32
0	0	64
56	0	8
24	40	0
0	0	64
64	0	0
64	0	0
0	48	16
0	64	0
0	56	8
0	0	64
0	0	64
0	0	64
64	0	0
0	64	0
16	32	16
0	52	12
48	0	16
16	32	16
0	0	64
0	0	64
16	48	0
0	32	32
48	0	16
16	48	0
64	0	0
0	52	12
14	30	20
0	64	0
64	0	0
40	24	0
0	8	56
0	64	0
24	0	40
40	24	0
0	48	16
0	64	0
64	0	0
0	64	0
16	0	48
12	10	42
24	8	32
16	24	24
0	0	64
16	40	8
2	10	52
0	64	0
64	0	0
56	0	8
16	24	24
0	16	48
0	64	0
0	0	64
0	16	48
64	0	0
0	36	28
16	24	24
56	8	0
0	0	64
24	40	0
0	48	16
0	0	64
8	24	32
16	24	24
64	0	0
48	0	16
0	16	48
16	16	32
32	0	32
64	0	0
8	42	14
8	48	8
0	0	64
16	16	32
32	32	0
0	0	64
0	0	64
8	40	16
64	0	0
0	0	64
32	32	0
28	16	20
0	48	16
16	40	8
64	0	0
0	0	64
0	16	48
0	0	64
32	16	16
0	64	0
12	36	16
0	0	64
0	0	64
0	0	64
0	0	64
0	0	64
0	0	64
0	0	64
0	0	64
0	0	64
16	0	48
0	0	64
0	64	0
0	64	0
0	64	0
16	48	0
0	56	8
64	0	0
0	0	64
0	64	0
0	32	32
16	48	0
0	64	0
0	64	0
0	64	0
48	16	0
0	64	0
0	64	0
0	64	0
0	48	16
0	0	64
0	16	48
0	64	0
0	64	0
0	64	0
0	64	0
16	32	16
48	16	0
0	64	0
16	0	48
0	0	64
16	32	16
0	64	0
0	0	64
0	0	64
48	0	16
16	0	48
16	0	48
48	0	16
40	12	12
16	0	48
32	0	32
0	64	0
0	48	16
24	12	28
64	0	0
30	18	16
0	0	64
0	16	48
64	0	0
0	48	16
64	0	0
64	0	0
0	0	64
0	64	0
0	0	64
64	0	0
64	0	0
0	0	64
32	0	32
0	32	32
0	0	64
16	48	0
0	0	64
0	64	0
64	0	0
0	64	0
0	64	0
0	64	0
32	0	32
48	0	16
0	64	0
0	16	48
0	64	0
0	0	64
32	32	0
16	16	32
0	0	64
0	32	32
0	64	0
8	6	50
32	8	24
64	0	0
32	32	0
0	0	64
64	0	0
0	0	64
16	0	48
16	32	16
4	6	54
0	64	0
0	64	0
0	0	64
0	0	64
8	50	6
0	0	64
0	64	0
40	8	16
64	0	0
16	16	32
0	0	64
0	0	64
32	32	0
0	0	64
0	40	24
16	24	24
0	64	0
0	0	64
0	64	0
24	28	12
0	8	56
0	32	32
0	0	64
64	0	0
0	64	0
0	64	0
0	0	64
0	0	64
0	0	64
48	0	16
0	64	0
24	24	16
0	8	56
0	64	0
0	32	32
0	0	64
14	20	30
32	20	12
0	64	0
0	40	24
0	0	64
0	0	64
0	0	64
32	32	0
0	64	0
0	64	0
32	12	20
0	48	16
12	28	24
16	48	0
32	8	24
0	64	0
16	16	32
16	40	8
0	64	0
0	0	64
24	16	24
4	32	28
34	30	0
16	36	12
32	32	0
64	0	0
0	64	0
64	0	0
0	12	52
0	16	48
0	0	64
12	12	40
0	48	16
0	64	0
0	0	64
0	64	0
0	64	0
64	0	0
0	64	0
0	0	64
64	0	0
0	64	0
0	0	64
0	48	16
64	0	0
32	32	0
32	24	8
0	0	64
0	0	64
0	64	0
0	0	64
0	64	0
32	0	32
0	64	0
0	0	64
0	64	0
0	64	0
0	0	64
0	64	0
64	0	0
0	64	0
0	64	0
36	28	0
24	24	16
24	40	0
0	64	0
0	0	64
64	0	0
64	0	0
42	22	0
12	36	16
18	16	30
0	64	0
0	64	0
0	64	0
32	0	32
0	64	0
0	64	0
4	12	48
0	64	0
0	64	0
0	64	0
0	64	0
0	64	0
0	64	0
0	64	0
0	64	0
0	64	0
64	0	0
0	64	0
0	0	64
0	0	64
0	64	0
64	0	0
64	0	0
0	0	64
64	0	0
0	0	64
0	0	64
0	0	64
0	64	0
0	64	0
32	0	32
0	0	64
0	64	0
0	0	64
64	0	0
0	0	64
64	0	0
48	0	16
0	0	64
0	64	0
16	48	0
16	48	0
8	48	8
34	28	2
16	48	0
12	52	0
0	64	0
0	0	64
16	48	0
0	48	16
0	40	24
24	16	24
8	40	16
0	56	8
12	52	0
0	64	0
0	64	0
0	48	16
22	24	18
0	48	16
0	64	0
16	0	48
24	8	32
12	16	36
0	0	64
0	64	0
0	48	16
8	48	8
16	48	0
0	64	0
64	0	0
0	0	64
56	8	0
48	0	16
16	32	16
32	32	0
16	0	48
32	16	16
0	0	64
0	64	0
16	48	0
36	0	28
12	36	16
24	40	0
0	64	0
64	0	0
16	32	16
32	32	0
16	0	48
12	32	20
16	32	16
0	0	64
0	64	0
16	48	0
16	0	48
10	10	44
2	14	48
16	0	48
32	0	32
8	8	48
0	64	0
8	48	8
8	32	24
0	0	64
32	8	24
0	0	64
20	12	32
16	48	0
64	0	0
16	48	0
10	32	22
40	16	8
0	0	64
0	0	64
0	64	0
0	0	64
0	0	64
16	32	16
0	32	32
0	16	48
0	56	8
28	12	24
24	32	8
0	32	32
0	0	64
24	40	0
16	16	32
12	12	40
24	32	8
0	48	16
0	64	0
0	16	48
40	0	24
32	8	24
0	64	0
28	12	24
24	32	8
64	0	0
16	32	16
0	64	0
0	0	64
0	32	32
16	32	16
48	0	16
0	0	64
0	0	64
0	64	0
12	40	12
8	16	40
24	8	32
0	8	56
8	48	8
0	0	64
0	48	16
0	0	64
64	0	0
0	0	64
0	16	48
0	16	48
48	16	0
64	0	0
0	0	64
8	0	56
0	0	64
24	12	28
0	40	24
12	16	36
0	0	64
0	32	32
32	16	16
16	8	40
48	16	0
16	16	32
44	12	8
0	64	0
8	56	0
64	0	0
0	64	0
16	48	0
0	64	0
0	0	64
24	40	0
0	0	64
32	32	0
48	16	0
0	0	64
0	64	0
64	0	0
0	64	0
0	64	0
8	48	8
0	64	0
0	60	4
0	64	0
0	64	0
16	48	0
0	64	0
48	0	16
16	32	16
0	24	40
0	64	0
0	32	32
64	0	0
8	40	16
64	0	0
40	16	8
40	16	8
0	64	0
64	0	0
8	32	24
32	32	0
64	0	0
32	0	32
16	48	0
0	0	64
0	0	64
0	64	0
0	64	0
0	64	0
32	32	0
56	8	0
0	32	32
0	32	32
0	64	0
64	0	0
0	64	0
0	0	64
64	0	0
0	64	0
8	24	32
16	0	48
64	0	0
0	0	64
0	64	0
16	24	24
0	0	64
0	0	64
0	24	40
0	64	0
0	0	64
0	64	0
24	40	0
0	64	0
32	16	16
0	32	32
4	32	28
38	2	24
0	64	0
32	0	32
0	0	64
0	24	40
24	0	40
0	32	32
0	0	64
48	0	16
0	0	64
32	0	32
0	0	64
0	48	16
0	16	48
0	64	0
0	64	0
0	64	0
0	64	0
0	0	64
0	0	64
0	64	0
0	64	0
0	64	0
0	64	0
48	0	16
8	24	32
40	0	24
8	24	32
0	64	0
0	64	0
0	64	0
0	0	64
0	64	0
0	64	0
48	0	16
0	0	64
16	48	0
0	0	64
24	40	0
0	64	0
0	64	0
0	0	64
12	32	20
24	24	16
38	12	14
0	64	0
64	0	0
0	0	64
0	64	0
30	26	8
26	16	22
64	0	0
0	64	0
32	0	32
0	64	0
56	8	0
0	0	64
0	32	32
0	0	64
0	16	48
0	64	0
0	64	0
0	64	0
0	64	0
0	64	0
0	48	16
0	64	0
0	16	48
0	0	64
0	64	0
8	56	0
0	0	64
8	32	24
0	0	64
0	32	32
64	0	0
0	0	64
0	0	64
0	64	0
64	0	0
0	64	0
0	0	64
0	0	64
32	32	0
0	0	64
0	64	0
0	64	0
0	64	0
16	0	48
0	16	48
0	64	0
64	0	0
64	0	0
64	0	0
16	48	0
48	16	0
0	48	16
16	48	0
0	48	16
8	56	0
64	0	0
48	0	16
0	64	0
0	64	0
64	0	0
0	0	64
0	64	0
0	64	0
0	64	0
0	0	64
64	0	0
0	64	0
0	64	0
0	0	64
64	0	0
0	32	32
0	64	0
0	0	64
0	0	64
48	16	0
0	0	64
16	48	0
64	0	0
32	32	0
32	8	24
16	48	0
0	0	64
0	64	0
64	0	0
0	0	64
0	64	0
0	48	16
0	0	64
48	0	16
0	0	64
64	0	0
48	0	16
0	64	0
48	16	0
48	0	16
0	64	0
8	56	0
0	64	0
48	0	16
8	32	24
0	64	0
16	24	24
0	0	64
0	0	64
16	48	0
48	4	12
32	32	0
0	64	0
0	48	16
16	0	48
0	64	0
0	64	0
0	64	0
0	64	0
0	64	0
0	64	0
0	64	0
64	0	0
0	16	48
0	64	0
16	48	0
0	64	0
0	64	0
16	0	48
32	0	32
0	0	64
0	64	0
0	64	0
48	0	16
0	0	64
0	0	64
8	56	0
0	0	64
48	16	0
16	48	0
48	16	0
0	48	16
0	40	24
64	0	0
0	64	0
0	64	0
0	64	0
0	0	64
16	48	0
0	32	32
0	0	64
0	64	0
8	8	48
0	48	16
64	0	0
0	32	32
0	0	64
8	0	56
36	0	28
40	24	0
0	0	64
0	64	0
56	0	8
0	64	0
24	0	40
64	0	0
0	64	0
0	64	0
0	4	60
4	32	28
0	0	64
0	0	64
0	64	0
0	0	64
0	0	64
16	0	48
0	32	32
48	8	8
0	0	64
0	4	60
12	36	16
0	64	0
0	0	64
16	48	0
16	26	22
0	32	32
64	0	0
0	64	0
0	16	48
0	32	32
0	64	0
0	0	64
0	64	0
0	48	16
0	64	0
0	0	64
0	32	32
4	44	16
0	0	64
0	64	0
0	0	64
0	32	32
0	64	0
0	48	16
32	24	8
0	0	64
24	32	8
16	24	24
0	64	0
32	0	32
50	6	8
0	64	0
0	32	32
0	64	0
0	0	64
0	0	64
0	64	0
48	16	0
0	64	0
2	54	8
8	40	16
0	64	0
0	64	0
0	64	0
0	0	64
32	32	0
0	48	16
0	64	0
64	0	0
48	16	0
0	64	0
42	8	14
0	0	64
64	0	0
64	0	0
0	64	0
64	0	0
64	0	0
0	0	64
0	64	0
0	0	64
64	0	0
0	64	0
0	0	64
0	32	32
0	64	0
16	48	0
16	48	0
0	0	64
16	48	0
0	64	0
0	0	64
64	0	0
32	24	8
56	0	8
64	0	0
0	0	64
0	0	64
32	0	32
0	0	64
24	40	0
8	56	0
0	0	64
0	64	0
0	0	64
32	32	0
0	0	64
0	16	48
0	64	0
0	64	0
0	64	0
0	0	64
0	0	64
0	0	64
40	0	24
32	0	32
0	64	0
0	64	0
12	16	36
24	36	4
0	48	16
13	27	24
0	0	64
32	24	8
0	0	64
32	32	0
0	48	16
0	0	64
48	8	8
64	0	0
24	40	0
48	0	16
0	64	0
0	0	64
0	64	0
64	0	0
0	0	64
0	64	0
0	64	0
0	64	0
0	64	0
16	0	48
0	64	0
32	32	0
8	32	24
64	0	0
64	0	0
48	16	0
0	16	48
0	0	64
18	24	22
16	16	32
0	64	0
0	48	16
0	64	0
0	64	0
16	48	0
0	40	24
34	14	16
0	0	64
0	32	32
32	0	32
16	16	32
64	0	0
0	0	64
0	12	52
0	0	64
0	16	48
8	48	8
24	24	16
0	0	64
32	16	16
0	32	32
48	8	8
48	16	0
0	64	0
0	0	64
0	16	48
48	16	0
24	40	0
6	50	8
0	64	0
0	64	0
10	40	14
56	8	0
0	32	32
24	22	18
16	12	36
0	24	40
0	0	64
0	0	64
14	20	30
0	0	64
56	8	0
0	32	32
16	8	40
0	64	0
0	48	16
0	64	0
14	0	50
20	44	0
32	32	0
24	32	8
0	64	0
24	32	8
0	64	0
8	32	24
64	0	0
56	8	0
16	48	0
50	14	0
0	64	0
0	64	0
0	64	0
0	0	64
10	6	48
6	8	50
64	0	0
0	64	0
8	40	16
0	60	4
0	0	64
64	0	0
16	48	0
0	0	64
24	40	0
64	0	0
0	56	8
24	40	0
16	48	0
48	0	16
16	0	48
32	32	0
0	64	0
0	16	48
40	12	12
16	26	22
64	0	0
48	0	16
0	64	0
0	0	64
0	64	0
0	0	64
32	0	32
0	12	52
0	0	64
0	64	0
0	0	64
0	64	0
0	64	0
