#topo1 (Outgroup,((par,ann),pet));
#topo2 (Outgroup,((par,pet),ann));
#topo3 (Outgroup,(par,(ann,pet)));
topo1	topo2	topo3
0	64	0
0	0	64
0	0	64
0	48	16
64	0	0
0	64	0
0	64	0
0	64	0
64	0	0
0	64	0
14	26	24
0	64	0
0	48	16
0	0	64
64	0	0
8	56	0
64	0	0
0	16	48
0	48	16
64	0	0
64	0	0
32	0	32
64	0	0
32	0	32
64	0	0
64	0	0
32	0	32
8	8	48
0	0	64
64	0	0
24	24	16
28	0	36
0	16	48
12	0	52
24	40	0
0	32	32
0	0	64
0	64	0
48	16	0
32	0	32
0	0	64
16	48	0
64	0	0
0	48	16
24	18	22
0	0	64
0	0	64
48	0	16
0	64	0
64	0	0
0	0	64
0	32	32
0	64	0
0	0	64
32	0	32
0	64	0
0	64	0
0	0	64
0	64	0
64	0	0
64	0	0
0	16	48
64	0	0
0	64	0
0	64	0
0	64	0
0	0	64
0	0	64
64	0	0
0	64	0
0	0	64
0	16	48
12	48	4
0	0	64
0	0	64
64	0	0
32	32	0
0	0	64
64	0	0
32	8	24
16	8	40
32	32	0
32	0	32
32	32	0
40	8	16
16	48	0
40	16	8
18	18	28
8	40	16
24	16	24
16	24	24
16	4	44
16	48	0
8	28	28
0	0	64
32	8	24
16	48	0
16	32	16
0	0	64
40	24	0
0	32	32
28	12	24
16	0	48
12	12	40
24	24	16
56	0	8
0	0	64
0	32	32
0	0	64
32	8	24
8	56	0
16	28	20
24	28	12
32	32	0
32	8	24
0	64	0
0	64	0
0	64	0
28	28	8
64	0	0
16	48	0
64	0	0
0	0	64
64	0	0
64	0	0
0	64	0
64	0	0
0	48	16
0	8	56
0	32	32
0	0	64
0	0	64
64	0	0
0	0	64
64	0	0
32	32	0
32	0	32
64	0	0
64	0	0
64	0	0
52	4	8
40	0	24
32	32	0
64	0	0
0	0	64
64	0	0
64	0	0
40	12	12
0	64	0
0	0	64
16	0	48
64	0	0
56	8	0
0	64	0
12	52	0
16	16	32
0	32	32
64	0	0
48	0	16
64	0	0
0	64	0
0	64	0
64	0	0
0	64	0
28	20	16
64	0	0
0	16	48
0	0	64
0	64	0
12	24	28
0	64	0
0	0	64
20	16	28
64	0	0
64	0	0
64	0	0
64	0	0
64	0	0
24	8	32
64	0	0
64	0	0
48	16	0
64	0	0
0	64	0
0	64	0
64	0	0
64	0	0
0	24	40
0	0	64
64	0	0
64	0	0
16	48	0
0	32	32
64	0	0
0	0	64
64	0	0
24	16	24
64	0	0
64	0	0
64	0	0
64	0	0
0	64	0
24	32	8
30	8	26
48	8	8
32	24	8
16	0	48
16	16	32
4	8	52
12	40	12
32	0	32
0	0	64
32	8	24
0	0	64
0	0	64
0	0	64
0	16	48
32	0	32
0	64	0
64	0	0
0	64	0
32	32	0
0	16	48
64	0	0
0	64	0
32	16	16
0	0	64
40	8	16
8	24	32
32	24	8
32	32	0
0	32	32
28	28	8
48	0	16
32	12	20
0	48	16
36	8	20
22	20	22
0	0	64
64	0	0
0	0	64
56	0	8
40	24	0
0	16	48
32	16	16
32	6	26
28	24	12
64	0	0
0	64	0
12	24	28
64	0	0
24	16	24
52	8	4
32	0	32
0	16	48
0	32	32
0	32	32
64	0	0
0	0	64
16	48	0
0	16	48
32	0	32
0	64	0
0	64	0
0	32	32
0	64	0
0	16	48
32	32	0
0	0	64
64	0	0
32	32	0
32	32	0
20	4	40
56	0	8
16	0	48
32	16	16
32	16	16
0	16	48
5	29	30
32	24	8
16	0	48
32	20	12
32	0	32
40	0	24
0	32	32
32	18	14
4	24	36
64	0	0
0	0	64
24	16	24
32	32	0
0	0	64
24	16	24
16	0	48
0	32	32
24	24	16
8	0	56
8	0	56
24	0	40
24	12	28
28	0	36
16	24	24
16	24	24
16	16	32
0	0	64
0	0	64
24	28	12
12	4	48
12	40	12
0	44	20
34	30	0
20	4	40
20	28	16
8	20	36
64	0	0
0	0	64
64	0	0
0	64	0
64	0	0
48	0	16
28	12	24
16	48	0
32	0	32
64	0	0
0	64	0
40	24	0
32	32	0
40	24	0
0	0	64
0	64	0
32	32	0
16	48	0
32	32	0
32	32	0
32	8	24
0	64	0
16	16	32
64	0	0
0	16	48
0	64	0
64	0	0
0	0	64
0	64	0
0	32	32
16	48	0
0	0	64
0	26	38
0	64	0
0	64	0
0	64	0
0	64	0
64	0	0
0	64	0
12	32	20
52	4	8
0	64	0
0	0	64
64	0	0
32	32	0
0	64	0
16	0	48
0	64	0
0	0	64
0	0	64
16	48	0
0	64	0
64	0	0
0	64	0
20	16	28
0	0	64
0	0	64
64	0	0
0	64	0
0	32	32
16	0	48
32	32	0
0	64	0
0	64	0
0	0	64
0	64	0
32	32	0
16	32	16
0	0	64
14	32	18
0	64	0
48	16	0
0	0	64
16	48	0
64	0	0
64	0	0
64	0	0
16	0	48
0	0	64
0	0	64
32	32	0
32	14	18
64	0	0
16	0	48
0	64	0
20	44	0
0	64	0
0	64	0
0	32	32
0	64	0
64	0	0
32	32	0
0	16	48
64	0	0
0	0	64
0	16	48
0	32	32
64	0	0
0	64	0
8	48	8
0	32	32
64	0	0
0	64	0
0	64	0
0	0	64
0	48	16
0	64	0
40	24	0
32	0	32
64	0	0
0	0	64
0	0	64
64	0	0
64	0	0
16	40	8
0	0	64
48	0	16
0	64	0
64	0	0
0	50	14
16	48	0
32	16	16
0	64	0
32	32	0
8	0	56
64	0	0
32	32	0
0	0	64
0	0	64
64	0	0
0	48	16
0	0	64
64	0	0
16	0	48
32	32	0
64	0	0
64	0	0
64	0	0
0	64	0
64	0	0
32	0	32
0	8	56
0	0	64
0	0	64
0	40	24
0	64	0
64	0	0
6	40	18
48	16	0
32	32	0
0	64	0
0	48	16
32	32	0
64	0	0
0	64	0
48	16	0
16	36	12
16	32	16
0	64	0
0	64	0
0	64	0
32	32	0
0	0	64
16	40	8
16	32	16
64	0	0
16	16	32
32	32	0
20	36	8
20	20	24
0	0	64
16	48	0
0	48	16
56	8	0
16	32	16
64	0	0
0	64	0
16	24	24
0	64	0
0	64	0
64	0	0
0	64	0
6	50	8
0	64	0
0	32	32
0	64	0
0	56	8
0	44	20
0	64	0
32	32	0
14	26	24
0	64	0
0	64	0
64	0	0
0	64	0
26	16	22
64	0	0
0	0	64
32	0	32
0	48	16
64	0	0
32	32	0
0	56	8
0	64	0
48	16	0
32	0	32
0	32	32
32	32	0
32	0	32
32	32	0
0	0	64
64	0	0
0	48	16
39	7	18
40	0	24
8	48	8
0	16	48
8	24	32
11	24	29
0	0	64
0	0	64
33	18	13
12	12	40
8	32	24
0	32	32
24	24	16
32	32	0
8	36	20
0	64	0
32	16	16
32	32	0
32	0	32
32	16	16
64	0	0
32	0	32
32	0	32
8	24	32
16	16	32
0	0	64
0	56	8
0	64	0
64	0	0
0	64	0
32	32	0
0	64	0
64	0	0
0	32	32
48	0	16
64	0	0
0	0	64
64	0	0
0	28	36
6	54	4
0	64	0
0	64	0
64	0	0
0	0	64
40	24	0
64	0	0
64	0	0
64	0	0
24	8	32
64	0	0
48	0	16
20	24	20
40	24	0
32	32	0
0	0	64
0	64	0
32	0	32
0	40	24
64	0	0
16	48	0
64	0	0
0	0	64
0	64	0
0	0	64
0	0	64
0	32	32
0	0	64
32	32	0
48	16	0
64	0	0
0	64	0
0	0	64
32	24	8
64	0	0
8	24	32
64	0	0
0	64	0
0	0	64
0	64	0
0	64	0
0	48	16
64	0	0
0	64	0
0	64	0
0	64	0
64	0	0
0	0	64
0	0	64
64	0	0
64	0	0
64	0	0
24	8	32
0	32	32
0	64	0
48	16	0
0	64	0
0	64	0
0	16	48
0	0	64
48	16	0
64	0	0
20	12	32
0	64	0
0	0	64
32	32	0
32	32	0
0	48	16
16	32	16
24	20	20
4	8	52
32	0	32
64	0	0
64	0	0
0	32	32
40	24	0
32	0	32
16	32	16
32	0	32
0	32	32
0	64	0
0	64	0
0	0	64
0	0	64
64	0	0
0	0	64
0	0	64
0	64	0
32	0	32
0	32	32
32	0	32
0	0	64
64	0	0
32	32	0
16	24	24
0	0	64
32	0	32
24	40	0
0	0	64
16	48	0
32	32	0
64	0	0
64	0	0
0	64	0
0	64	0
0	64	0
0	0	64
48	0	16
0	32	32
64	0	0
64	0	0
8	40	16
0	0	64
0	0	64
0	0	64
0	0	64
0	0	64
0	32	32
0	0	64
24	40	0
32	16	16
0	0	64
0	0	64
16	48	0
0	0	64
16	16	32
0	32	32
0	48	16
0	64	0
40	8	16
32	0	32
32	32	0
0	64	0
16	32	16
0	0	64
0	64	0
0	0	64
64	0	0
16	16	32
48	0	16
32	32	0
32	0	32
0	48	16
16	32	16
48	0	16
0	64	0
0	32	32
0	32	32
0	64	0
0	64	0
8	24	32
28	16	20
0	16	48
0	8	56
16	48	0
0	28	36
0	0	64
16	16	32
30	24	10
10	16	38
0	0	64
64	0	0
0	64	0
16	24	24
0	32	32
48	16	0
0	0	64
40	8	16
19	25	20
64	0	0
24	24	16
0	64	0
0	64	0
32	14	18
0	32	32
64	0	0
0	0	64
32	32	0
0	64	0
8	8	48
0	8	56
16	48	0
0	64	0
0	64	0
16	0	48
0	0	64
64	0	0
40	16	8
0	8	56
40	8	16
8	24	32
0	64	0
0	0	64
16	24	24
2	14	48
6	30	28
0	0	64
17	31	16
40	24	0
64	0	0
4	16	44
64	0	0
0	14	50
64	0	0
14	40	10
32	32	0
40	12	12
0	64	0
56	0	8
16	18	30
0	64	0
16	32	16
40	16	8
28	12	24
34	0	30
0	32	32
16	0	48
64	0	0
8	56	0
0	64	0
0	0	64
32	0	32
0	64	0
12	32	20
24	0	40
48	0	16
64	0	0
16	16	32
0	0	64
0	0	64
48	0	16
0	0	64
0	0	64
56	0	8
0	0	64
0	64	0
64	0	0
0	64	0
0	0	64
0	0	64
48	16	0
16	0	48
64	0	0
0	0	64
64	0	0
64	0	0
64	0	0
32	0	32
48	0	16
64	0	0
32	32	0
0	48	16
16	44	4
64	0	0
16	48	0
0	0	64
0	0	64
0	32	32
32	8	24
0	0	64
64	0	0
32	24	8
32	32	0
0	0	64
0	64	0
0	64	0
64	0	0
0	0	64
0	0	64
18	22	24
0	0	64
32	8	24
0	64	0
64	0	0
0	56	8
0	0	64
0	32	32
32	0	32
12	16	36
0	64	0
0	64	0
0	48	16
32	32	0
64	0	0
0	64	0
64	0	0
0	64	0
0	64	0
32	0	32
16	16	32
64	0	0
0	64	0
0	64	0
0	64	0
0	64	0
0	0	64
64	0	0
0	64	0
32	0	32
32	0	32
64	0	0
16	16	32
0	0	64
0	64	0
48	0	16
48	0	16
8	16	40
12	38	14
32	24	8
64	0	0
48	16	0
32	32	0
64	0	0
0	64	0
0	0	64
20	4	40
8	16	40
0	0	64
32	32	0
0	0	64
48	16	0
0	64	0
0	64	0
36	14	14
40	4	20
40	8	16
0	40	24
0	32	32
0	0	64
0	40	24
0	0	64
32	0	32
0	0	64
48	8	8
40	16	8
16	16	32
32	0	32
48	0	16
64	0	0
32	16	16
32	16	16
8	32	24
28	28	8
64	0	0
48	16	0
0	0	64
24	24	16
32	32	0
0	32	32
4	24	36
64	0	0
0	0	64
0	0	64
0	0	64
32	32	0
0	64	0
40	16	8
16	16	32
40	24	0
16	20	28
0	32	32
64	0	0
48	0	16
64	0	0
0	0	64
48	16	0
32	0	32
32	32	0
0	48	16
0	0	64
64	0	0
32	0	32
32	0	32
0	0	64
32	32	0
4	24	36
8	56	0
0	64	0
40	24	0
32	32	0
24	0	40
8	8	48
32	16	16
0	0	64
0	0	64
64	0	0
32	16	16
0	16	48
0	0	64
32	32	0
32	32	0
32	0	32
32	0	32
32	32	0
64	0	0
64	0	0
24	26	14
16	36	12
0	0	64
64	0	0
64	0	0
0	64	0
40	8	16
32	8	24
64	0	0
0	0	64
0	56	8
32	32	0
0	0	64
64	0	0
0	64	0
0	64	0
0	0	64
0	20	44
0	0	64
64	0	0
0	48	16
0	0	64
28	12	24
16	0	48
64	0	0
0	0	64
56	8	0
0	0	64
0	64	0
64	0	0
32	32	0
16	48	0
64	0	0
0	64	0
0	32	32
32	0	32
40	0	24
32	0	32
24	0	40
32	32	0
12	28	24
12	12	40
0	0	64
0	0	64
0	64	0
0	64	0
32	16	16
64	0	0
64	0	0
0	64	0
16	0	48
0	64	0
48	8	8
16	0	48
64	0	0
8	24	32
64	0	0
32	0	32
32	32	0
64	0	0
0	0	64
48	16	0
0	0	64
0	64	0
0	64	0
0	0	64
0	64	0
16	24	24
64	0	0
0	0	64
0	64	0
0	64	0
0	0	64
8	44	12
0	0	64
0	0	64
0	0	64
32	32	0
16	48	0
38	20	6
32	32	0
48	16	0
0	64	0
0	64	0
32	32	0
16	22	26
40	18	6
32	32	0
32	32	0
0	64	0
16	16	32
32	0	32
0	0	64
0	64	0
0	32	32
16	32	16
0	0	64
40	24	0
64	0	0
0	32	32
64	0	0
0	0	64
16	48	0
0	64	0
0	64	0
0	64	0
40	8	16
48	12	4
0	32	32
0	64	0
0	64	0
0	64	0
0	0	64
0	64	0
0	0	64
4	6	54
16	0	48
40	24	0
64	0	0
16	0	48
64	0	0
0	0	64
40	12	12
0	0	64
64	0	0
0	0	64
32	0	32
0	0	64
64	0	0
64	0	0
16	32	16
0	64	0
0	64	0
0	0	64
0	0	64
0	0	64
0	64	0
64	0	0
0	0	64
64	0	0
0	0	64
0	0	64
0	0	64
0	0	64
0	0	64
24	8	32
64	0	0
64	0	0
64	0	0
64	0	0
64	0	0
0	64	0
64	0	0
32	32	0
32	32	0
64	0	0
64	0	0
0	0	64
0	64	0
0	64	0
0	64	0
8	8	48
0	64	0
12	16	36
0	32	32
8	0	56
0	64	0
32	0	32
22	40	2
0	64	0
0	0	64
0	24	40
20	9	35
0	0	64
0	0	64
0	64	0
32	16	16
0	32	32
16	0	48
0	32	32
40	24	0
36	28	0
64	0	0
0	64	0
0	64	0
0	16	48
24	22	18
0	0	64
0	64	0
0	0	64
0	64	0
0	64	0
0	40	24
0	8	56
0	64	0
48	16	0
32	16	16
0	32	32
48	16	0
11	30	23
0	64	0
32	32	0
0	64	0
24	36	4
0	0	64
15	19	30
48	16	0
0	64	0
16	16	32
48	16	0
0	36	28
0	64	0
0	64	0
0	64	0
32	32	0
0	64	0
0	48	16
38	8	18
0	16	48
64	0	0
0	64	0
0	0	64
0	0	64
0	0	64
0	0	64
64	0	0
8	0	56
26	30	8
24	8	32
48	16	0
24	8	32
0	0	64
64	0	0
16	0	48
0	64	0
0	64	0
0	0	64
0	64	0
16	0	48
0	0	64
0	64	0
0	0	64
64	0	0
0	0	64
0	8	56
0	48	16
0	64	0
0	0	64
64	0	0
0	0	64
48	0	16
0	0	64
64	0	0
64	0	0
32	32	0
0	0	64
0	0	64
16	32	16
48	0	16
32	0	32
32	0	32
0	10	54
0	0	64
64	0	0
64	0	0
64	0	0
64	0	0
32	0	32
16	24	24
64	0	0
12	44	8
20	12	32
0	0	64
64	0	0
0	0	64
64	0	0
64	0	0
0	0	64
0	64	0
0	0	64
64	0	0
64	0	0
32	0	32
0	64	0
32	32	0
64	0	0
32	0	32
32	0	32
0	64	0
64	0	0
0	0	64
0	0	64
64	0	0
0	64	0
4	60	0
0	64	0
64	0	0
32	32	0
32	16	16
38	24	2
0	32	32
0	64	0
64	0	0
0	0	64
0	0	64
0	0	64
64	0	0
16	0	48
20	36	8
0	64	0
0	0	64
0	64	0
0	0	64
64	0	0
0	0	64
0	0	64
64	0	0
0	64	0
64	0	0
0	64	0
64	0	0
16	30	18
0	64	0
64	0	0
0	0	64
0	64	0
32	0	32
64	0	0
0	64	0
0	0	64
32	0	32
32	0	32
13	23	28
0	0	64
64	0	0
0	64	0
16	32	16
0	48	16
0	0	64
0	32	32
0	0	64
40	8	16
28	14	22
32	12	20
0	16	48
0	16	48
4	28	32
28	28	8
0	16	48
12	8	44
64	0	0
14	22	28
4	16	44
0	24	40
0	32	32
24	8	32
12	16	36
0	32	32
0	8	56
64	0	0
24	16	24
36	24	4
0	0	64
20	20	24
64	0	0
16	32	16
16	48	0
0	0	64
64	0	0
64	0	0
64	0	0
32	16	16
0	0	64
32	0	32
64	0	0
64	0	0
64	0	0
32	32	0
64	0	0
64	0	0
32	16	16
0	64	0
64	0	0
16	48	0
64	0	0
32	0	32
0	16	48
64	0	0
0	0	64
32	0	32
64	0	0
0	64	0
64	0	0
32	32	0
64	0	0
12	44	8
0	0	64
0	0	64
0	64	0
64	0	0
64	0	0
48	0	16
64	0	0
32	32	0
0	36	28
0	48	16
24	16	24
32	32	0
0	16	48
24	32	8
64	0	0
32	16	16
28	20	16
16	48	0
64	0	0
0	0	64
32	0	32
64	0	0
32	32	0
0	64	0
0	32	32
64	0	0
0	0	64
32	32	0
32	0	32
16	32	16
0	64	0
64	0	0
64	0	0
16	0	48
32	30	2
0	64	0
4	48	12
16	32	16
0	64	0
0	64	0
0	0	64
28	12	24
0	0	64
0	0	64
0	64	0
56	0	8
24	16	24
32	0	32
0	40	24
0	32	32
32	0	32
64	0	0
64	0	0
0	32	32
8	24	32
12	40	12
8	0	56
64	0	0
32	32	0
64	0	0
16	32	16
24	0	40
32	32	0
64	0	0
32	0	32
32	24	8
10	4	50
0	0	64
24	24	16
18	20	26
16	0	48
32	32	0
64	0	0
16	16	32
0	0	64
16	0	48
32	32	0
32	32	0
64	0	0
16	48	0
0	64	0
64	0	0
64	0	0
0	32	32
0	16	48
0	16	48
0	16	48
64	0	0
8	24	32
0	64	0
24	8	32
64	0	0
64	0	0
48	16	0
0	8	56
0	0	64
0	64	0
0	0	64
0	64	0
16	8	40
0	32	32
0	0	64
56	0	8
64	0	0
64	0	0
0	64	0
16	0	48
64	0	0
0	32	32
0	16	48
64	0	0
64	0	0
64	0	0
36	28	0
8	0	56
16	40	8
0	12	52
32	0	32
64	0	0
56	8	0
20	30	14
32	16	16
28	20	16
0	0	64
0	48	16
32	16	16
0	0	64
0	64	0
0	64	0
0	32	32
64	0	0
64	0	0
23	28	13
56	0	8
44	16	4
0	64	0
64	0	0
0	32	32
44	20	0
4	52	8
0	48	16
32	24	8
8	32	24
0	32	32
32	32	0
0	0	64
0	64	0
36	8	20
0	64	0
32	32	0
0	52	12
0	64	0
0	64	0
40	8	16
32	20	12
0	64	0
64	0	0
0	64	0
64	0	0
0	0	64
12	48	4
0	0	64
0	24	40
48	16	0
16	48	0
8	32	24
48	16	0
0	32	32
0	64	0
16	16	32
0	48	16
0	64	0
0	64	0
0	24	40
0	48	16
16	16	32
32	16	16
64	0	0
0	32	32
0	0	64
0	38	26
0	0	64
0	0	64
0	0	64
36	18	10
0	64	0
64	0	0
0	0	64
0	64	0
64	0	0
32	0	32
0	0	64
8	48	8
0	64	0
0	0	64
0	64	0
0	0	64
0	64	0
64	0	0
64	0	0
64	0	0
64	0	0
64	0	0
0	0	64
0	0	64
64	0	0
32	0	32
0	0	64
0	64	0
0	64	0
64	0	0
0	48	16
0	0	64
0	64	0
0	64	0
0	64	0
0	0	64
0	0	64
0	0	64
64	0	0
0	0	64
64	0	0
64	0	0
0	0	64
0	8	56
32	0	32
0	64	0
0	0	64
0	0	64
64	0	0
0	0	64
0	64	0
0	0	64
0	64	0
64	0	0
0	0	64
0	64	0
32	32	0
64	0	0
0	64	0
16	8	40
0	64	0
0	16	48
40	24	0
16	16	32
0	0	64
16	48	0
40	12	12
8	56	0
0	64	0
0	64	0
32	0	32
0	64	0
0	64	0
64	0	0
0	0	64
0	64	0
0	0	64
0	0	64
0	0	64
32	0	32
64	0	0
16	0	48
0	64	0
64	0	0
0	64	0
0	64	0
64	0	0
64	0	0
64	0	0
20	36	8
64	0	0
16	24	24
64	0	0
64	0	0
0	64	0
0	0	64
0	0	64
0	64	0
64	0	0
32	24	8
0	64	0
0	0	64
64	0	0
16	32	16
64	0	0
48	16	0
64	0	0
32	8	24
64	0	0
64	0	0
32	0	32
64	0	0
0	0	64
64	0	0
64	0	0
64	0	0
64	0	0
0	64	0
0	64	0
0	40	24
64	0	0
64	0	0
20	12	32
0	0	64
64	0	0
32	16	16
64	0	0
0	0	64
64	0	0
64	0	0
64	0	0
64	0	0
0	64	0
64	0	0
0	64	0
64	0	0
64	0	0
64	0	0
0	0	64
64	0	0
64	0	0
64	0	0
64	0	0
64	0	0
64	0	0
40	0	24
48	16	0
0	64	0
64	0	0
0	32	32
0	0	64
0	0	64
32	32	0
64	0	0
32	0	32
64	0	0
64	0	0
0	16	48
64	0	0
8	0	56
64	0	0
0	48	16
17	32	15
32	24	8
0	0	64
0	0	64
0	64	0
32	32	0
32	0	32
40	0	24
32	0	32
19	34	11
48	0	16
0	56	8
0	0	64
0	64	0
16	32	16
16	32	16
0	0	64
4	30	30
32	32	0
56	0	8
20	16	28
0	0	64
32	32	0
64	0	0
64	0	0
0	0	64
32	32	0
32	32	0
32	0	32
32	24	8
28	16	20
20	10	34
32	32	0
8	48	8
16	12	36
16	48	0
8	16	40
0	0	64
4	16	44
44	0	20
0	64	0
16	48	0
16	32	16
20	8	36
64	0	0
32	16	16
0	32	32
0	32	32
64	0	0
0	64	0
0	16	48
32	32	0
64	0	0
12	16	36
8	32	24
0	0	64
0	0	64
8	24	32
20	28	16
32	0	32
0	0	64
0	64	0
0	0	64
0	64	0
64	0	0
0	0	64
0	0	64
28	12	24
64	0	0
48	8	8
0	0	64
0	32	32
64	0	0
0	64	0
64	0	0
32	0	32
16	0	48
48	0	16
40	24	0
64	0	0
32	16	16
48	16	0
20	22	22
0	0	64
24	24	16
0	0	64
64	0	0
0	32	32
0	32	32
64	0	0
0	64	0
0	64	0
38	13	13
64	0	0
38	24	2
0	0	64
32	0	32
16	0	48
0	32	32
32	0	32
0	32	32
0	32	32
0	48	16
0	0	64
0	48	16
0	32	32
8	48	8
64	0	0
16	48	0
0	0	64
64	0	0
0	0	64
5	42	17
64	0	0
48	0	16
0	0	64
64	0	0
16	0	48
16	0	48
32	0	32
64	0	0
32	32	0
64	0	0
24	0	40
0	0	64
16	32	16
64	0	0
0	0	64
32	0	32
0	64	0
48	0	16
0	64	0
0	16	48
28	8	28
64	0	0
64	0	0
64	0	0
64	0	0
0	0	64
64	0	0
0	64	0
32	32	0
24	22	18
16	48	0
0	64	0
64	0	0
32	0	32
64	0	0
32	32	0
48	0	16
64	0	0
64	0	0
0	0	64
64	0	0
64	0	0
0	32	32
0	0	64
32	32	0
0	64	0
48	16	0
64	0	0
16	0	48
0	0	64
0	64	0
64	0	0
64	0	0
0	32	32
36	28	0
4	48	12
64	0	0
64	0	0
0	36	28
64	0	0
0	64	0
0	0	64
0	64	0
16	16	32
64	0	0
64	0	0
64	0	0
64	0	0
64	0	0
32	32	0
32	16	16
64	0	0
48	0	16
24	0	40
0	0	64
32	32	0
16	48	0
0	0	64
0	64	0
64	0	0
64	0	0
24	16	24
64	0	0
64	0	0
64	0	0
32	32	0
16	32	16
32	16	16
24	16	24
64	0	0
16	32	16
0	16	48
64	0	0
48	16	0
0	0	64
0	0	64
0	0	64
0	24	40
32	24	8
0	0	64
32	0	32
0	32	32
40	14	10
16	16	32
16	32	16
32	16	16
0	0	64
24	26	14
8	32	24
0	32	32
0	8	56
12	44	8
0	0	64
0	32	32
14	34	16
16	32	16
24	24	16
48	4	12
32	32	0
34	30	0
38	16	10
20	16	28
52	4	8
0	64	0
16	28	20
0	64	0
0	64	0
0	0	64
0	64	0
64	0	0
0	0	64
0	64	0
40	24	0
64	0	0
0	0	64
0	0	64
64	0	0
64	0	0
32	32	0
64	0	0
50	0	14
0	64	0
52	4	8
40	0	24
64	0	0
0	0	64
16	16	32
0	0	64
64	0	0
8	8	48
32	0	32
32	32	0
0	8	56
32	0	32
64	0	0
0	64	0
0	0	64
64	0	0
16	36	12
64	0	0
64	0	0
32	0	32
0	0	64
32	32	0
28	28	8
64	0	0
20	16	28
16	48	0
16	16	32
40	0	24
44	20	0
24	16	24
64	0	0
0	64	0
8	32	24
0	0	64
64	0	0
0	64	0
64	0	0
64	0	0
0	16	48
0	64	0
32	30	2
0	16	48
32	0	32
0	48	16
64	0	0
0	0	64
0	64	0
0	0	64
0	0	64
64	0	0
0	64	0
0	64	0
0	64	0
0	64	0
64	0	0
0	0	64
0	0	64
0	0	64
64	0	0
64	0	0
0	32	32
16	48	0
64	0	0
32	32	0
32	24	8
32	32	0
0	0	64
64	0	0
32	0	32
0	64	0
0	0	64
0	0	64
48	0	16
0	64	0
0	0	64
16	28	20
0	0	64
32	0	32
0	0	64
8	40	16
8	56	0
0	16	48
24	32	8
32	0	32
28	24	12
20	16	28
0	48	16
32	32	0
0	64	0
0	0	64
0	64	0
20	32	12
0	0	64
64	0	0
64	0	0
0	24	40
18	15	31
24	4	36
32	16	16
64	0	0
32	8	24
16	0	48
32	32	0
64	0	0
48	0	16
22	16	26
64	0	0
64	0	0
32	32	0
0	16	48
22	2	40
64	0	0
0	64	0
0	0	64
32	24	8
0	64	0
16	32	16
0	64	0
40	24	0
0	0	64
32	32	0
24	24	16
8	6	50
12	24	28
32	0	32
0	8	56
28	24	12
64	0	0
64	0	0
64	0	0
0	0	64
16	0	48
24	16	24
28	10	26
0	32	32
52	0	12
0	32	32
22	18	24
24	32	8
8	24	32
0	0	64
48	0	16
64	0	0
48	0	16
0	40	24
24	28	12
10	52	2
48	0	16
64	0	0
16	0	48
38	8	18
16	48	0
0	0	64
0	0	64
56	8	0
28	16	20
8	48	8
36	20	8
0	0	64
24	24	16
4	52	8
8	16	40
22	13	29
0	64	0
16	16	32
56	0	8
28	32	4
0	64	0
16	16	32
64	0	0
64	0	0
0	0	64
32	32	0
0	8	56
0	64	0
0	0	64
0	48	16
0	32	32
2	54	8
16	0	48
32	20	12
17	18	29
0	64	0
0	64	0
16	48	0
40	12	12
0	64	0
0	64	0
20	36	8
0	32	32
0	64	0
6	22	36
0	32	32
0	64	0
32	32	0
32	32	0
0	0	64
64	0	0
32	0	32
32	32	0
0	64	0
24	16	24
8	48	8
0	64	0
0	32	32
64	0	0
48	0	16
26	12	26
16	16	32
0	64	0
32	32	0
0	0	64
0	0	64
0	16	48
0	32	32
32	32	0
24	16	24
27	20	17
32	16	16
12	48	4
16	16	32
32	0	32
16	32	16
56	0	8
16	16	32
32	0	32
0	16	48
0	32	32
0	32	32
12	4	48
64	0	0
64	0	0
64	0	0
32	32	0
64	0	0
64	0	0
32	32	0
8	32	24
16	0	48
0	0	64
0	64	0
0	56	8
64	0	0
0	64	0
0	0	64
0	0	64
64	0	0
64	0	0
64	0	0
0	48	16
12	36	16
32	32	0
24	8	32
0	64	0
0	0	64
0	64	0
32	24	8
0	0	64
48	16	0
56	8	0
32	16	16
0	64	0
64	0	0
64	0	0
0	64	0
0	64	0
64	0	0
0	0	64
24	12	28
40	8	16
24	36	4
0	0	64
0	64	0
64	0	0
0	64	0
64	0	0
0	64	0
32	32	0
0	0	64
0	64	0
8	48	8
64	0	0
48	8	8
32	14	18
16	16	32
0	64	0
0	64	0
48	0	16
64	0	0
32	0	32
32	32	0
64	0	0
32	32	0
0	0	64
52	0	12
32	0	32
40	24	0
0	0	64
64	0	0
48	0	16
0	0	64
24	36	4
16	32	16
0	48	16
0	64	0
64	0	0
0	0	64
32	16	16
0	52	12
0	48	16
24	8	32
16	8	40
0	0	64
40	24	0
24	40	0
44	8	12
16	24	24
0	48	16
12	52	0
14	32	18
16	20	28
32	16	16
20	24	20
28	12	24
32	32	0
32	0	32
40	12	12
64	0	0
64	0	0
32	32	0
32	32	0
0	56	8
21	9	34
0	44	20
20	20	24
0	64	0
16	12	36
0	16	48
0	64	0
64	0	0
56	8	0
8	24	32
0	16	48
0	64	0
24	8	32
32	0	32
32	0	32
24	26	14
28	36	0
0	16	48
0	8	56
24	40	0
56	8	0
0	64	0
24	24	16
20	12	32
0	0	64
48	8	8
16	0	48
24	16	24
0	32	32
0	64	0
6	40	18
24	8	32
16	16	32
32	0	32
0	32	32
0	48	16
8	48	8
0	44	20
24	24	16
48	8	8
16	16	32
0	52	12
64	0	0
0	0	64
64	0	0
40	16	8
0	16	48
0	64	0
0	32	32
0	64	0
12	36	16
0	0	64
24	8	32
40	0	24
0	16	48
0	64	0
0	0	64
64	0	0
32	32	0
16	32	16
40	0	24
20	12	32
64	0	0
32	32	0
0	64	0
0	0	64
32	32	0
32	32	0
0	0	64
40	24	0
32	16	16
8	32	24
0	32	32
64	0	0
64	0	0
48	16	0
32	0	32
0	0	64
64	0	0
64	0	0
64	0	0
32	8	24
64	0	0
64	0	0
56	8	0
32	0	32
0	16	48
64	0	0
32	32	0
40	0	24
20	28	16
24	24	16
64	0	0
64	0	0
32	0	32
32	24	8
16	0	48
4	20	40
0	0	64
40	12	12
40	0	24
0	16	48
0	64	0
0	48	16
4	32	28
16	32	16
38	10	16
20	8	36
16	32	16
0	40	24
24	32	8
32	32	0
32	16	16
0	64	0
0	64	0
0	0	64
0	64	0
0	64	0
0	0	64
32	0	32
32	32	0
0	0	64
0	0	64
0	0	64
0	64	0
64	0	0
0	64	0
64	0	0
0	64	0
24	32	8
24	0	40
0	64	0
16	24	24
0	64	0
8	0	56
0	64	0
24	16	24
16	16	32
0	32	32
32	32	0
28	30	6
40	8	16
32	32	0
0	64	0
32	16	16
64	0	0
0	0	64
40	0	24
8	24	32
26	23	15
0	0	64
64	0	0
16	16	32
64	0	0
0	52	12
8	24	32
48	16	0
0	0	64
16	0	48
64	0	0
64	0	0
0	0	64
48	16	0
0	32	32
32	0	32
16	24	24
64	0	0
64	0	0
32	0	32
12	30	22
0	8	56
64	0	0
0	0	64
64	0	0
0	64	0
32	0	32
16	24	24
0	0	64
64	0	0
24	24	16
0	64	0
16	8	40
20	16	28
0	64	0
48	16	0
0	64	0
14	20	30
12	34	18
0	32	32
8	40	16
0	20	44
24	16	24
24	8	32
32	32	0
0	64	0
0	64	0
17	19	28
0	24	40
14	30	20
0	64	0
32	24	8
64	0	0
48	8	8
32	0	32
64	0	0
48	0	16
8	40	16
26	24	14
22	27	15
16	20	28
0	0	64
32	0	32
64	0	0
44	8	12
0	48	16
16	0	48
64	0	0
18	8	38
24	32	8
64	0	0
0	0	64
0	0	64
64	0	0
0	32	32
0	64	0
0	64	0
0	0	64
0	64	0
0	32	32
0	64	0
64	0	0
32	32	0
0	64	0
64	0	0
0	0	64
0	64	0
0	0	64
0	64	0
0	0	64
0	64	0
24	8	32
0	64	0
48	16	0
0	0	64
0	64	0
0	0	64
0	40	24
0	32	32
0	16	48
24	24	16
32	32	0
32	32	0
0	0	64
64	0	0
12	12	40
26	12	26
24	36	4
36	16	12
0	0	64
0	64	0
0	64	0
0	0	64
0	64	0
0	64	0
36	12	16
32	16	16
0	64	0
0	0	64
32	32	0
0	64	0
0	0	64
0	0	64
64	0	0
64	0	0
0	0	64
32	32	0
48	16	0
64	0	0
0	0	64
10	34	20
0	0	64
0	48	16
0	0	64
0	0	64
0	0	64
0	0	64
0	64	0
0	64	0
56	0	8
0	0	64
64	0	0
64	0	0
64	0	0
0	0	64
32	0	32
0	48	16
24	32	8
0	32	32
64	0	0
8	24	32
32	0	32
34	2	28
0	0	64
64	0	0
0	64	0
48	0	16
0	0	64
0	48	16
28	28	8
8	48	8
0	44	20
0	56	8
12	52	0
0	64	0
0	64	0
0	48	16
22	24	18
0	48	16
0	64	0
16	0	48
0	0	64
12	28	24
40	16	8
0	64	0
0	24	40
8	48	8
0	16	48
0	64	0
64	0	0
48	0	16
24	12	28
32	16	16
16	32	16
32	32	0
32	16	16
28	0	36
64	0	0
0	64	0
0	16	48
36	0	28
0	48	16
24	8	32
0	64	0
32	0	32
64	0	0
64	0	0
64	0	0
32	28	4
4	4	56
0	0	64
64	0	0
40	24	0
16	16	32
4	16	44
0	16	48
16	24	24
48	16	0
0	8	56
32	32	0
32	24	8
16	36	12
0	8	56
24	28	12
64	0	0
20	28	16
16	48	0
32	32	0
40	24	0
4	6	54
48	8	8
32	32	0
0	0	64
32	32	0
64	0	0
48	16	0
24	32	8
24	20	20
16	24	24
16	28	20
46	6	12
32	0	32
0	32	32
24	0	40
32	0	32
16	16	32
64	0	0
16	0	48
0	48	16
0	64	0
64	0	0
8	14	42
0	32	32
0	32	32
0	0	64
8	40	16
64	0	0
48	16	0
64	0	0
32	0	32
32	32	0
0	56	8
44	0	20
24	28	12
0	0	64
32	32	0
16	44	4
8	12	44
24	8	32
0	48	16
20	24	20
0	0	64
0	48	16
32	0	32
32	32	0
16	0	48
40	16	8
64	0	0
48	16	0
64	0	0
40	16	8
64	0	0
32	0	32
4	22	38
0	20	44
20	28	16
0	0	64
48	0	16
20	10	34
40	4	20
0	36	28
32	0	32
48	8	8
0	64	0
4	28	32
64	0	0
64	0	0
16	48	0
0	64	0
0	0	64
12	36	16
0	0	64
8	56	0
48	16	0
32	0	32
16	32	16
0	64	0
32	32	0
0	64	0
8	48	8
64	0	0
12	52	0
0	0	64
0	64	0
64	0	0
0	64	0
0	64	0
0	0	64
24	8	32
64	0	0
0	0	64
0	48	16
16	36	12
0	32	32
16	0	48
26	8	30
0	64	0
64	0	0
32	0	32
32	32	0
0	32	32
24	40	0
0	48	16
0	64	0
0	0	64
64	0	0
64	0	0
0	64	0
48	16	0
52	8	4
0	48	16
32	32	0
64	0	0
64	0	0
0	32	32
36	16	12
64	0	0
64	0	0
28	12	24
0	0	64
0	0	64
64	0	0
64	0	0
16	40	8
0	0	64
64	0	0
0	48	16
64	0	0
0	64	0
0	64	0
0	64	0
0	64	0
24	8	32
0	32	32
24	16	24
14	48	2
0	64	0
32	0	32
48	8	8
48	0	16
8	8	48
28	12	24
32	0	32
52	8	4
16	16	32
24	40	0
32	8	24
0	0	64
0	16	48
0	64	0
0	64	0
0	0	64
0	64	0
48	16	0
0	0	64
0	64	0
64	0	0
0	64	0
0	0	64
0	0	64
24	8	32
16	0	48
24	32	8
0	32	32
0	0	64
0	64	0
12	16	36
0	48	16
64	0	0
64	0	0
8	32	24
16	48	0
0	24	40
12	8	44
0	64	0
0	32	32
0	32	32
0	64	0
0	0	64
42	16	6
0	64	0
64	0	0
0	64	0
0	64	0
21	34	9
14	24	26
0	0	64
0	64	0
32	32	0
0	64	0
48	16	0
64	0	0
0	0	64
64	0	0
0	64	0
0	64	0
0	0	64
64	0	0
64	0	0
64	0	0
16	48	0
0	0	64
0	16	48
16	0	48
0	0	64
4	44	16
8	24	32
28	16	20
0	48	16
64	0	0
64	0	0
0	0	64
0	0	64
0	0	64
64	0	0
0	64	0
0	64	0
64	0	0
0	32	32
0	64	0
0	64	0
0	64	0
0	64	0
0	48	16
40	0	24
0	64	0
28	0	36
64	0	0
0	64	0
0	0	64
32	8	24
0	48	16
0	48	16
56	0	8
32	0	32
32	0	32
48	0	16
0	0	64
64	0	0
0	64	0
64	0	0
0	0	64
24	32	8
16	48	0
64	0	0
0	0	64
64	0	0
32	32	0
0	0	64
64	0	0
64	0	0
32	32	0
64	0	0
0	32	32
64	0	0
0	32	32
0	64	0
48	0	16
32	0	32
12	32	20
64	0	0
24	24	16
16	48	0
32	32	0
0	0	64
0	64	0
64	0	0
0	0	64
0	48	16
8	24	32
64	0	0
48	16	0
32	32	0
0	48	16
0	0	64
0	32	32
8	56	0
64	0	0
64	0	0
32	0	32
0	64	0
8	12	44
32	0	32
0	0	64
32	0	32
36	22	6
0	32	32
64	0	0
0	32	32
16	0	48
0	0	64
0	64	0
0	64	0
0	64	0
0	32	32
48	0	16
0	64	0
64	0	0
0	16	48
0	64	0
16	48	0
0	64	0
0	64	0
8	24	32
48	0	16
0	0	64
0	64	0
0	64	0
48	0	16
0	16	48
0	48	16
0	36	28
32	24	8
48	16	0
8	8	48
24	8	32
0	48	16
32	0	32
0	64	0
0	64	0
0	64	0
0	0	64
64	0	0
16	48	0
32	16	16
64	0	0
0	64	0
24	16	24
16	16	32
0	0	64
0	32	32
0	0	64
16	0	48
18	18	28
8	56	0
0	0	64
0	64	0
56	0	8
0	64	0
0	0	64
32	32	0
0	0	64
16	48	0
44	8	12
36	12	16
0	48	16
0	0	64
16	0	48
0	48	16
32	32	0
8	8	48
0	40	24
40	4	20
12	48	4
12	0	52
12	48	4
0	64	0
0	0	64
16	24	24
32	14	18
32	32	0
12	48	4
0	64	0
0	0	64
0	32	32
64	0	0
64	0	0
0	0	64
0	0	64
0	0	64
64	0	0
32	0	32
64	0	0
64	0	0
0	64	0
0	0	64
0	32	32
0	64	0
48	16	0
0	48	16
0	0	64
0	0	64
0	0	64
0	64	0
0	32	32
43	14	7
0	0	64
0	32	32
0	64	0
0	0	64
32	32	0
0	64	0
48	0	16
0	64	0
0	48	16
16	48	0
0	32	32
0	0	64
0	64	0
16	0	48
0	0	64
48	16	0
0	64	0
32	32	0
64	0	0
0	0	64
0	14	50
0	0	64
64	0	0
40	0	24
64	0	0
0	48	16
32	32	0
0	64	0
0	64	0
0	0	64
0	0	64
0	64	0
0	64	0
0	32	32
0	64	0
64	0	0
48	16	0
0	0	64
8	32	24
0	64	0
0	64	0
64	0	0
36	4	24
56	0	8
64	0	0
0	64	0
0	64	0
0	64	0
64	0	0
24	40	0
0	0	64
0	0	64
64	0	0
0	0	64
64	0	0
0	0	64
0	16	48
0	64	0
0	0	64
0	64	0
0	0	64
0	64	0
0	0	64
8	12	44
0	64	0
32	0	32
0	64	0
12	4	48
38	2	24
0	48	16
32	6	26
0	0	64
16	28	20
56	0	8
64	0	0
0	48	16
32	0	32
48	8	8
48	0	16
24	32	8
48	0	16
64	0	0
64	0	0
0	0	64
64	0	0
8	48	8
0	0	64
32	32	0
24	8	32
0	0	64
8	32	24
64	0	0
0	64	0
16	48	0
64	0	0
36	16	12
48	8	8
16	16	32
16	16	32
26	17	21
0	14	50
0	32	32
56	0	8
64	0	0
0	64	0
40	24	0
0	20	44
18	24	22
64	0	0
0	32	32
36	8	20
0	16	48
0	64	0
24	4	36
4	0	60
0	0	64
24	24	16
16	32	16
4	36	24
0	0	64
0	32	32
0	32	32
40	8	16
0	0	64
64	0	0
0	0	64
12	52	0
56	8	0
32	32	0
24	22	18
64	0	0
0	64	0
32	24	8
40	10	14
24	24	16
24	10	30
16	12	36
12	24	28
40	0	24
0	0	64
14	34	16
0	0	64
0	64	0
0	32	32
32	0	32
0	64	0
0	48	16
0	64	0
12	42	10
20	28	16
16	48	0
8	24	32
0	0	64
48	0	16
0	64	0
64	0	0
48	0	16
48	12	4
8	32	24
12	14	38
0	64	0
0	64	0
0	0	64
24	8	32
16	38	10
32	14	18
64	0	0
0	64	0
16	32	16
16	48	0
0	0	64
0	16	48
16	48	0
0	16	48
24	40	0
0	64	0
0	0	64
28	16	20
16	0	48
24	16	24
16	48	0
0	64	0
0	64	0
0	16	48
4	12	48
32	32	0
16	0	48
48	0	16
0	32	32
0	0	64
0	16	48
64	0	0
0	32	32
36	0	28
0	0	64
64	0	0
64	0	0
0	0	64
0	32	32
