#topo1 (OUTGROUP,((ann,pet),par));
#topo2 (OUTGROUP,((ann,par),pet));
#topo3 (OUTGROUP,(ann,(pet,par)));
topo1	topo2	topo3
0	0	256
208	48	0
256	0	0
32	64	160
0	256	0
0	112	144
0	48	208
48	0	208
128	128	0
0	0	256
92	72	92
0	0	256
32	0	224
192	64	0
0	256	0
0	48	208
0	256	0
144	64	48
24	60	172
0	256	0
0	256	0
128	128	0
0	256	0
112	112	32
0	256	0
0	256	0
128	128	0
144	48	64
192	64	0
40	200	16
64	88	104
116	80	60
192	0	64
208	36	12
0	32	224
128	0	128
256	0	0
0	0	256
0	160	96
96	104	56
256	0	0
64	32	160
0	96	160
48	4	204
74	56	126
256	0	0
256	0	0
80	160	16
0	0	256
0	256	0
256	0	0
144	56	56
44	36	176
256	0	0
96	160	0
24	144	88
0	0	256
256	0	0
0	0	256
0	256	0
0	160	96
160	0	96
0	256	0
32	64	160
0	0	256
0	0	256
128	0	128
256	0	0
0	256	0
0	0	256
256	0	0
160	0	96
64	48	144
256	0	0
256	0	0
0	224	32
0	128	128
256	0	0
128	128	0
88	136	32
136	112	8
88	72	96
144	100	12
12	168	76
48	192	16
16	136	104
16	176	64
58	102	96
80	48	128
28	76	152
88	112	56
140	112	4
16	160	80
110	52	94
256	0	0
72	112	72
0	128	128
16	192	48
192	0	64
32	160	64
128	16	112
68	100	88
112	100	44
144	68	44
112	68	76
40	176	40
120	72	64
176	24	56
192	0	64
80	96	80
0	24	232
56	116	84
16	140	100
0	160	96
88	128	40
0	64	192
0	64	192
64	64	128
48	116	92
0	256	0
0	160	96
0	256	0
256	0	0
0	256	0
0	256	0
96	40	120
64	192	0
44	76	136
184	40	32
128	64	64
256	0	0
112	64	80
64	192	0
168	48	40
44	204	8
64	112	80
120	120	16
0	256	0
0	256	0
0	256	0
40	164	52
40	216	0
64	120	72
0	256	0
160	96	0
96	128	32
0	224	32
44	144	68
24	0	232
256	0	0
160	80	16
16	224	16
56	176	24
0	0	256
0	48	208
128	32	96
112	56	88
0	256	0
16	104	136
0	256	0
0	128	128
48	64	144
0	256	0
64	0	192
76	128	52
8	128	120
128	72	56
192	64	0
104	16	136
44	92	120
0	128	128
224	16	16
56	144	56
0	256	0
48	128	80
0	256	0
16	224	16
0	192	64
104	120	32
0	128	128
32	160	64
16	160	80
0	256	0
0	0	256
0	128	128
0	128	128
64	192	0
96	64	96
256	0	0
0	256	0
128	128	0
12	156	88
128	80	48
0	256	0
192	0	64
0	192	64
56	88	112
0	160	96
0	128	128
0	256	0
0	128	128
0	0	256
48	144	64
116	90	50
80	160	16
64	104	88
120	136	0
56	36	164
160	44	52
60	32	164
176	48	32
208	24	24
112	128	16
224	32	0
128	64	64
192	0	64
224	0	32
80	80	96
0	0	256
96	160	0
64	0	192
64	160	32
104	64	88
48	192	16
64	64	128
40	96	120
128	128	0
32	216	8
80	72	104
56	144	56
0	192	64
48	160	48
48	148	60
80	80	96
72	106	78
40	50	166
97	122	37
54	122	80
128	64	64
0	256	0
200	8	48
48	208	0
52	152	52
104	8	144
44	148	64
64	128	64
28	124	104
48	208	0
0	64	192
152	48	56
28	168	60
72	104	80
12	228	16
192	64	0
160	64	32
64	0	192
40	64	152
0	256	0
256	0	0
16	128	112
224	0	32
80	176	0
0	80	176
64	0	192
144	0	112
0	32	224
160	32	64
24	88	144
128	64	64
0	256	0
32	128	96
24	144	88
164	80	12
24	232	0
168	84	4
52	88	116
64	128	64
128	0	128
62	85	109
32	120	104
120	72	64
84	92	80
72	176	8
32	216	8
192	0	64
38	162	56
132	32	92
56	200	0
128	96	32
40	144	72
0	192	64
224	16	16
84	104	68
168	88	0
76	64	116
64	112	80
192	48	16
160	64	32
140	68	48
158	56	42
140	104	12
32	136	88
32	112	112
82	110	64
160	48	48
256	0	0
56	132	68
120	132	4
36	140	80
76	68	112
42	110	104
160	44	52
128	44	84
100	56	100
128	128	0
256	0	0
0	256	0
8	0	248
0	256	0
96	160	0
100	84	72
64	128	64
152	104	0
0	256	0
0	0	256
0	216	40
0	128	128
40	72	144
256	0	0
0	0	256
48	144	64
16	144	96
16	176	64
100	104	52
48	128	80
16	16	224
128	32	96
16	240	0
96	64	96
0	64	192
0	256	0
256	0	0
64	0	192
144	0	112
0	128	128
240	16	0
84	70	102
0	128	128
0	64	192
0	0	256
72	56	128
128	128	0
0	64	192
48	140	68
16	196	44
32	0	224
192	0	64
0	256	0
32	128	96
0	0	256
96	160	0
40	0	216
128	128	0
256	0	0
0	64	192
0	0	256
0	240	16
0	32	224
84	80	92
224	16	16
192	0	64
104	96	56
0	0	256
168	32	56
224	32	0
32	96	128
0	0	256
0	0	256
256	0	0
0	64	192
0	64	192
64	96	96
192	64	0
146	30	80
128	0	128
32	80	144
256	0	0
0	144	112
0	256	0
0	192	64
36	140	80
192	64	0
256	0	0
256	0	0
32	120	104
34	200	22
0	256	0
192	64	0
0	0	256
60	54	142
0	0	256
0	32	224
128	0	128
0	0	256
0	256	0
0	160	96
224	0	32
64	192	0
256	0	0
224	0	32
64	128	64
0	256	0
0	0	256
56	24	176
168	0	88
0	256	0
0	0	256
0	0	256
224	32	0
96	32	128
0	0	256
32	192	32
128	128	0
48	144	64
256	0	0
256	0	0
0	256	0
0	256	0
48	32	176
256	0	0
70	186	0
0	0	256
0	256	0
42	114	100
0	32	224
32	192	32
64	48	144
32	128	96
208	32	16
16	192	48
0	128	128
128	0	128
256	0	0
0	256	0
84	8	164
224	0	32
128	128	0
200	56	0
0	64	192
16	208	32
0	256	0
0	192	64
0	0	256
0	192	64
192	64	0
144	96	16
160	32	64
240	0	16
48	0	208
0	0	256
48	176	32
18	134	104
32	96	128
0	112	144
0	0	256
32	0	224
16	96	144
0	256	0
8	72	176
32	192	32
88	32	136
96	32	128
0	64	192
8	40	208
0	64	192
8	80	168
256	0	0
48	96	112
82	64	110
0	256	0
64	64	128
0	192	64
12	36	208
72	96	88
256	0	0
64	48	144
32	64	160
8	200	48
128	32	96
64	192	0
32	64	160
92	56	108
0	64	192
32	0	224
48	152	56
0	48	208
50	18	188
0	64	192
192	0	64
0	128	128
24	0	232
36	0	220
32	64	160
16	160	80
90	73	93
0	64	192
0	0	256
0	256	0
0	0	256
30	128	98
0	224	32
128	64	64
64	192	0
80	32	144
0	128	128
0	128	128
84	4	168
0	64	192
24	174	58
128	128	0
192	0	64
48	104	104
192	64	0
0	160	96
192	0	64
0	256	0
96	64	96
72	127	57
48	80	128
40	40	176
160	0	96
56	116	84
123	51	82
186	56	14
256	0	0
40	154	62
144	20	92
116	48	92
96	96	64
32	128	96
48	112	96
60	84	112
0	96	160
32	192	32
0	192	64
72	132	52
32	192	32
128	128	0
176	80	0
128	128	0
120	80	56
84	80	92
256	0	0
56	112	88
56	72	128
0	224	32
16	48	192
0	128	128
8	0	248
0	256	0
48	56	152
32	224	0
0	256	0
192	0	64
0	256	0
148	0	108
24	88	144
0	128	128
0	192	64
0	256	0
128	0	128
0	72	184
0	256	0
0	256	0
0	256	0
128	112	16
0	256	0
112	128	16
48	48	160
32	104	120
40	104	112
192	0	64
96	0	160
144	112	0
48	64	144
0	256	0
16	64	176
0	256	0
256	0	0
0	0	256
256	0	0
128	128	0
64	64	128
118	76	62
96	96	64
0	224	32
0	256	0
128	0	128
256	0	0
32	160	64
0	224	32
48	72	136
0	256	0
0	96	160
128	128	0
0	0	256
0	0	256
24	64	168
0	256	0
32	0	224
0	0	256
0	64	192
0	256	0
256	0	0
144	36	76
0	256	0
16	192	48
0	256	0
104	80	72
64	64	128
0	0	256
0	224	32
0	0	256
24	72	160
160	0	96
192	0	64
64	160	32
0	256	0
121	54	81
32	64	160
256	0	0
0	112	144
96	64	96
16	96	144
96	48	112
96	104	56
224	8	24
80	64	112
0	256	0
0	256	0
192	0	64
0	208	48
128	64	64
24	88	144
48	208	0
96	0	160
0	80	176
0	0	256
224	0	32
128	0	128
0	256	0
192	0	64
128	128	0
0	0	256
64	192	0
128	0	128
64	192	0
192	64	0
0	128	128
40	160	56
104	96	56
128	128	0
32	224	0
8	72	176
192	0	64
96	32	128
0	128	128
44	140	72
0	256	0
0	0	256
64	64	128
0	96	160
192	0	64
48	144	64
64	0	192
24	208	24
0	256	0
32	80	144
256	0	0
128	0	128
128	0	128
192	0	64
256	0	0
144	32	80
256	0	0
64	128	64
48	128	80
192	0	64
128	128	0
24	40	192
96	0	160
128	48	80
32	0	224
16	0	240
16	32	208
16	216	24
32	192	32
0	160	96
0	0	256
96	32	128
256	0	0
0	32	224
256	0	0
0	256	0
178	44	34
48	208	0
48	144	64
128	128	0
32	40	184
96	112	48
48	112	96
0	64	192
64	64	128
144	16	96
0	128	128
0	128	128
160	16	80
92	124	40
176	48	32
240	0	16
40	152	64
184	0	72
192	64	0
152	68	36
48	144	64
122	67	67
160	56	40
0	256	0
0	0	256
88	56	112
56	88	112
0	208	48
256	0	0
32	208	16
118	47	91
0	256	0
64	96	96
16	48	192
0	0	256
84	128	44
128	64	64
0	192	64
256	0	0
0	88	168
48	80	128
168	16	72
136	80	40
64	96	96
0	0	256
0	0	256
96	112	48
192	64	0
0	256	0
24	176	56
224	0	32
88	132	36
64	136	56
16	16	224
192	64	0
44	44	168
90	100	66
56	60	140
160	96	0
71	42	143
0	152	104
24	216	16
172	44	40
0	256	0
82	88	86
0	256	0
56	128	72
64	128	64
72	68	116
0	64	192
64	96	96
74	102	80
32	0	224
48	96	112
64	144	48
108	104	44
118	114	24
160	0	96
144	112	0
0	256	0
60	44	152
128	0	128
96	96	64
32	192	32
48	0	208
90	56	110
112	144	0
48	208	0
0	256	0
192	32	32
80	96	80
128	128	0
32	224	0
256	0	0
256	0	0
12	228	16
192	64	0
0	64	192
0	256	0
64	0	192
128	0	128
256	0	0
64	144	48
112	32	112
104	100	52
256	0	0
0	256	0
96	128	32
48	192	16
96	112	48
32	224	0
0	192	64
32	128	96
48	112	96
30	86	140
64	192	0
0	96	160
160	64	32
224	0	32
192	0	64
48	192	16
256	0	0
0	256	0
32	128	96
0	112	144
256	0	0
32	0	224
64	0	192
0	256	0
192	64	0
128	128	0
92	54	110
256	0	0
96	128	32
0	0	256
0	256	0
72	8	176
256	0	0
144	0	112
72	132	52
72	24	160
0	0	256
56	8	192
56	128	72
0	128	128
80	160	16
0	0	256
0	256	0
0	128	128
16	48	192
160	52	44
108	20	128
0	256	0
64	0	192
0	32	224
32	16	208
0	144	112
256	0	0
0	256	0
0	64	192
128	64	64
96	104	56
120	136	0
128	96	32
256	0	0
0	0	256
128	112	16
64	96	96
80	72	104
71	81	104
80	80	96
0	240	16
32	112	112
0	128	128
0	240	16
32	80	144
256	0	0
168	76	12
160	64	32
224	32	0
0	192	64
192	0	64
96	112	48
16	48	192
0	0	256
62	138	56
32	208	16
48	128	80
80	0	176
184	0	72
256	0	0
120	0	136
256	0	0
32	160	64
192	0	64
8	112	136
24	184	48
120	116	20
168	88	0
32	224	0
64	192	0
24	152	80
32	96	128
32	160	64
40	124	92
0	256	0
96	96	64
256	0	0
56	112	88
0	64	192
128	32	96
144	16	96
0	224	32
256	0	0
72	16	168
224	0	32
112	48	96
0	56	200
40	168	48
128	72	56
72	112	72
120	106	30
152	32	72
0	256	0
32	224	0
0	256	0
184	72	0
0	144	112
192	64	0
0	160	96
72	48	136
176	80	0
0	208	48
56	184	16
64	160	32
192	32	32
56	80	120
140	76	40
56	72	128
0	64	192
32	152	72
64	160	32
40	72	144
156	40	60
64	128	64
256	0	0
256	0	0
12	192	52
72	160	24
160	0	96
192	0	64
0	128	128
0	128	128
128	96	32
80	176	0
128	64	64
0	144	112
0	256	0
106	40	110
72	32	152
128	128	0
0	256	0
0	128	128
0	64	192
84	144	28
128	112	16
0	256	0
256	0	0
48	32	176
64	96	96
256	0	0
0	224	32
0	0	256
64	0	192
160	0	96
116	64	76
256	0	0
0	256	0
64	20	172
224	32	0
140	96	20
96	144	16
0	256	0
192	0	64
0	224	32
256	0	0
128	0	128
64	176	16
0	128	128
0	32	224
0	256	0
0	0	256
128	64	64
152	104	0
128	128	0
128	128	0
152	40	64
96	96	64
156	40	60
144	84	28
224	8	24
256	0	0
0	40	216
0	0	256
96	128	32
48	144	64
0	112	144
32	128	96
192	64	0
32	32	192
32	160	64
124	18	114
0	256	0
96	36	124
0	256	0
96	128	32
0	128	128
0	256	0
256	0	0
0	224	32
128	128	0
0	0	256
0	0	256
256	0	0
64	0	192
142	28	86
0	256	0
192	64	0
0	0	256
0	0	256
192	0	64
76	50	130
224	32	0
256	0	0
128	0	128
40	152	64
96	32	128
72	128	56
24	184	48
0	192	64
0	0	256
0	0	256
0	144	112
112	52	92
68	124	64
0	64	192
32	128	96
16	104	136
192	32	32
40	176	40
160	48	48
8	0	248
136	8	112
64	128	64
192	16	48
0	112	144
0	192	64
128	64	64
0	256	0
128	0	128
0	48	208
0	0	256
0	0	256
0	64	192
80	156	20
24	212	20
128	0	128
0	0	256
0	32	224
16	8	232
216	0	40
32	0	224
164	48	44
124	66	66
96	128	32
8	80	168
64	192	0
128	32	96
96	144	16
160	0	96
60	152	44
168	72	16
32	224	0
192	0	64
96	128	32
256	0	0
0	256	0
0	256	0
64	64	128
0	0	256
16	128	112
256	0	0
192	64	0
256	0	0
128	0	128
64	192	0
192	64	0
0	256	0
256	0	0
256	0	0
256	0	0
256	0	0
256	0	0
128	108	20
0	256	0
0	256	0
0	256	0
0	256	0
0	256	0
0	0	256
0	256	0
32	112	112
16	64	176
0	192	64
0	256	0
192	48	16
0	36	220
0	144	112
16	112	128
104	104	48
0	0	256
112	16	128
96	104	56
192	64	0
0	0	256
128	128	0
24	136	96
64	0	192
80	32	144
160	32	64
135	72	49
256	0	0
128	64	64
32	64	160
48	136	72
96	48	112
120	108	28
64	96	96
0	232	24
0	120	136
0	256	0
128	0	128
32	0	224
192	0	64
94	102	60
208	0	48
0	0	256
256	0	0
0	24	232
0	32	224
88	0	168
224	0	32
0	0	256
0	160	96
112	96	48
168	16	72
64	68	124
98	46	112
0	96	160
0	128	128
0	0	256
28	158	70
192	64	0
136	51	69
0	224	32
0	0	256
48	48	160
80	48	128
132	24	100
0	0	256
0	0	256
0	0	256
0	112	144
0	0	256
48	128	80
132	108	16
160	0	96
0	256	0
0	0	256
128	128	0
128	128	0
192	64	0
128	128	0
0	256	0
208	48	0
40	60	156
112	96	48
0	160	96
144	80	32
128	0	128
0	160	96
160	96	0
0	64	192
80	96	80
160	0	96
64	0	192
192	16	48
128	128	0
0	64	192
128	0	128
0	256	0
172	24	60
240	0	16
48	0	208
72	0	184
192	16	48
0	256	0
128	0	128
16	144	96
224	32	0
0	192	64
96	160	0
48	128	80
256	0	0
208	32	16
40	48	168
88	168	0
64	192	0
96	64	96
168	16	72
256	0	0
0	256	0
0	256	0
0	256	0
0	256	0
32	224	0
64	120	72
0	256	0
84	60	112
160	68	28
192	0	64
0	192	64
256	0	0
0	256	0
0	256	0
256	0	0
64	32	160
256	0	0
0	256	0
0	256	0
128	64	64
0	0	256
0	128	128
128	128	0
128	128	0
128	128	0
128	48	80
0	256	0
112	64	80
256	0	0
0	256	0
0	128	128
16	4	236
0	0	256
0	256	0
60	100	96
64	128	64
4	140	112
128	48	80
128	0	128
0	224	32
192	0	64
256	0	0
256	0	0
0	256	0
96	160	0
120	48	88
0	64	192
256	0	0
0	0	256
256	0	0
0	256	0
256	0	0
96	160	0
24	192	40
0	64	192
0	128	128
24	0	232
0	256	0
80	138	38
128	0	128
0	256	0
256	0	0
32	32	192
160	96	0
32	224	0
0	0	256
256	0	0
128	128	0
128	128	0
104	42	110
224	32	0
0	256	0
0	64	192
92	48	116
96	0	160
256	0	0
160	32	64
256	0	0
24	208	24
74	152	30
60	172	24
80	64	112
160	0	96
152	60	44
24	156	76
88	88	80
188	40	28
0	224	32
145	55	56
166	50	40
160	0	96
184	16	56
144	104	8
96	56	104
64	128	64
240	0	16
0	256	0
64	160	32
12	188	56
256	0	0
73	99	84
0	216	40
96	96	64
12	148	96
256	0	0
0	256	0
0	256	0
0	256	0
100	124	32
192	0	64
96	128	32
0	256	0
0	256	0
0	224	32
96	112	48
0	256	0
0	256	0
32	96	128
0	64	192
0	256	0
0	160	96
12	108	136
56	72	128
192	0	64
0	256	0
256	0	0
168	88	0
0	240	16
64	80	112
128	128	0
24	64	168
0	256	0
60	88	108
256	0	0
256	0	0
0	0	256
0	256	0
0	160	96
64	192	0
0	248	8
0	64	192
156	20	80
160	0	96
136	64	56
0	64	192
224	0	32
32	96	128
0	256	0
32	128	96
62	116	78
0	32	224
0	256	0
256	0	0
64	128	64
0	256	0
24	64	168
0	0	256
32	32	192
0	256	0
256	0	0
0	128	128
64	192	0
84	108	64
0	0	256
0	256	0
0	256	0
96	160	0
30	98	128
0	0	256
20	68	168
76	96	84
0	0	256
64	128	64
256	0	0
112	104	40
128	128	0
256	0	0
128	32	96
24	232	0
40	200	16
128	64	64
84	64	108
96	0	160
128	128	0
0	256	0
32	224	0
64	128	64
64	144	48
36	148	72
128	80	48
0	256	0
0	64	192
32	224	0
72	88	96
144	112	0
0	192	64
16	240	0
64	128	64
48	128	80
174	68	14
160	64	32
120	64	72
140	60	56
112	144	0
0	96	160
80	176	0
96	96	64
96	64	96
216	28	12
48	112	96
8	84	164
0	176	80
0	128	128
0	120	136
0	192	64
0	256	0
128	0	128
96	96	64
96	0	160
160	0	96
0	256	0
160	56	40
0	32	224
136	104	16
0	224	32
0	256	0
64	96	96
176	32	48
192	32	32
0	0	256
256	0	0
0	0	256
68	120	68
128	0	128
256	0	0
8	228	20
0	144	112
128	128	0
112	16	128
96	160	0
64	192	0
84	36	136
160	32	64
0	256	0
0	224	32
0	160	96
44	68	144
152	40	64
8	80	168
232	0	24
128	128	0
96	128	32
0	216	40
52	64	140
64	128	64
108	80	68
192	0	64
96	32	128
32	128	96
120	64	72
0	0	256
0	0	256
64	0	192
16	232	8
0	192	64
85	89	82
16	122	118
72	136	48
0	0	256
0	256	0
144	80	32
10	114	132
16	8	232
48	16	192
48	128	80
144	16	96
64	0	192
0	128	128
112	144	0
96	0	160
104	104	48
48	48	160
32	80	144
56	32	168
64	64	128
32	0	224
16	232	8
40	128	88
0	0	256
64	192	0
64	0	192
0	256	0
256	0	0
32	96	128
192	64	0
152	0	104
0	224	32
0	32	224
112	16	128
0	224	32
96	32	128
0	0	256
112	24	120
64	64	128
0	0	256
0	64	192
176	0	80
32	0	224
64	32	160
72	120	64
0	256	0
192	0	64
160	96	0
158	2	96
256	0	0
256	0	0
256	0	0
70	144	42
8	24	224
0	256	0
256	0	0
0	0	256
0	256	0
128	128	0
256	0	0
24	24	208
0	0	256
256	0	0
0	0	256
256	0	0
0	0	256
0	256	0
0	256	0
0	256	0
0	256	0
96	160	0
256	0	0
256	0	0
0	256	0
128	128	0
256	0	0
0	0	256
0	0	256
0	256	0
32	0	224
256	0	0
0	0	256
0	0	256
0	0	256
256	0	0
256	0	0
256	0	0
0	256	0
256	0	0
0	256	0
0	256	0
256	0	0
240	0	16
64	192	0
0	8	248
256	0	0
256	0	0
0	256	0
256	0	0
0	0	256
256	0	0
0	0	256
0	256	0
256	0	0
0	0	256
0	128	128
96	128	32
0	0	256
176	64	16
0	0	256
192	0	64
112	88	56
192	32	32
192	32	32
16	96	144
40	140	76
12	20	224
0	0	256
0	0	256
128	128	0
0	0	256
0	0	256
0	256	0
256	0	0
0	0	256
256	0	0
256	0	0
256	0	0
56	40	160
0	256	0
192	64	0
0	16	240
128	128	0
32	0	224
96	32	128
0	256	0
0	256	0
0	256	0
36	144	76
16	240	0
112	32	112
0	256	0
0	256	0
0	0	256
256	0	0
256	0	0
0	0	256
0	256	0
48	64	144
0	0	256
256	0	0
0	256	0
40	16	200
0	256	0
0	224	32
0	256	0
112	128	16
0	256	0
0	256	0
64	192	0
64	192	0
128	128	0
0	256	0
0	256	0
0	256	0
8	224	24
0	0	256
32	80	144
96	0	160
0	256	0
0	256	0
144	76	36
128	80	48
0	256	0
16	96	144
0	256	0
256	0	0
0	256	0
0	256	0
0	256	0
0	256	0
0	0	256
0	256	0
0	0	256
0	256	0
0	256	0
0	256	0
256	0	0
0	256	0
0	256	0
0	256	0
32	224	0
0	256	0
0	256	0
24	232	0
0	224	32
0	64	192
0	256	0
64	0	192
256	0	0
256	0	0
0	128	128
0	256	0
128	128	0
0	256	0
0	256	0
160	0	96
0	256	0
208	14	34
0	256	0
160	0	96
44	65	147
24	192	40
256	0	0
128	64	64
0	0	256
32	144	80
144	112	0
120	108	28
96	64	96
43	91	122
128	128	0
72	72	112
160	96	0
0	64	192
80	48	128
88	80	88
176	16	64
90	54	112
0	128	128
32	216	8
52	128	76
128	64	64
68	64	124
0	256	0
64	192	0
256	0	0
32	128	96
0	128	128
96	160	0
36	196	24
73	108	75
148	64	44
0	128	128
24	104	128
110	102	44
0	120	136
136	52	68
192	0	64
64	68	124
92	148	16
0	0	256
40	80	136
32	160	64
112	64	80
0	256	0
48	144	64
96	96	64
64	0	192
0	256	0
32	96	128
160	0	96
0	128	128
32	192	32
56	56	144
144	48	64
256	0	0
192	0	64
48	144	64
64	104	88
144	80	32
256	0	0
32	80	144
96	112	48
64	0	192
0	192	64
96	64	96
128	0	128
56	116	84
0	224	32
16	192	48
192	64	0
192	0	64
0	256	0
48	0	208
0	256	0
128	128	0
168	40	48
80	112	64
88	88	80
0	256	0
16	208	32
0	192	64
136	64	56
224	32	0
56	128	72
128	64	64
0	240	16
128	0	128
64	64	128
0	192	64
0	0	256
0	120	136
35	140	81
16	240	0
100	80	76
256	0	0
128	64	64
96	32	128
52	104	100
128	128	0
192	0	64
160	0	96
96	0	160
256	0	0
48	160	48
128	32	96
120	40	96
0	256	0
16	72	168
196	28	32
0	256	0
256	0	0
68	65	123
0	256	0
112	72	72
192	64	0
0	256	0
96	160	0
192	64	0
128	128	0
0	256	0
32	128	96
0	256	0
72	120	64
256	0	0
32	32	192
72	120	64
224	32	0
176	80	0
0	0	256
96	160	0
0	64	192
144	24	88
92	100	64
0	256	0
0	184	72
0	256	0
0	256	0
256	0	0
0	256	0
36	12	208
0	176	80
120	60	76
32	128	96
0	128	128
96	160	0
128	128	0
0	256	0
0	96	160
16	176	64
0	256	0
16	128	112
256	0	0
0	256	0
0	256	0
48	64	144
224	16	16
0	64	192
0	0	256
0	192	64
0	256	0
96	160	0
256	0	0
0	0	256
128	128	0
0	128	128
64	128	64
0	88	168
24	8	224
0	256	0
0	192	64
104	8	144
0	256	0
0	0	256
192	0	64
0	0	256
96	88	72
0	256	0
32	224	0
32	192	32
0	256	0
0	256	0
0	64	192
88	112	56
0	256	0
56	152	48
112	72	72
160	48	48
64	96	96
0	32	224
192	64	0
0	0	256
0	256	0
16	192	48
120	76	60
0	256	0
0	256	0
0	256	0
36	96	124
104	32	120
48	120	88
112	112	32
0	256	0
144	48	64
208	0	48
0	256	0
64	160	32
256	0	0
256	0	0
256	0	0
52	20	184
64	96	96
96	56	104
128	128	0
144	0	112
66	100	90
64	64	128
32	118	106
32	200	24
128	16	112
90	112	54
64	88	104
72	64	120
168	80	8
100	30	126
224	16	16
160	32	64
80	114	62
40	40	176
80	80	96
68	72	116
0	56	200
10	144	102
88	82	86
80	92	84
44	168	44
32	104	120
48	88	120
0	0	256
0	0	256
96	0	160
0	0	256
32	64	160
256	0	0
64	0	192
0	144	112
0	256	0
128	128	0
192	0	64
0	256	0
0	256	0
0	192	64
0	192	64
92	140	24
0	0	256
46	170	40
36	176	44
0	192	64
192	64	0
96	32	128
256	0	0
0	256	0
98	38	120
56	144	56
112	80	64
176	32	48
192	64	0
0	256	0
32	48	176
256	0	0
64	192	0
60	96	100
16	240	0
32	224	0
168	88	0
192	64	0
32	128	96
20	120	116
116	128	12
157	64	35
24	40	192
61	39	156
40	104	112
32	92	132
152	52	52
0	256	0
64	0	192
80	48	128
176	16	64
0	192	64
0	64	192
0	256	0
64	176	16
80	80	96
0	0	256
56	84	116
96	128	32
64	64	128
48	0	208
0	256	0
192	64	0
64	64	128
192	0	64
192	0	64
0	256	0
64	0	192
0	0	256
0	0	256
72	0	184
32	208	16
256	0	0
80	16	160
96	32	128
0	256	0
0	256	0
128	0	128
96	56	104
128	128	0
48	92	116
80	128	48
0	64	192
192	64	0
64	192	0
64	192	0
0	0	256
256	0	0
256	0	0
160	96	0
64	64	128
96	32	128
28	48	180
256	0	0
128	128	0
240	0	16
64	32	160
0	24	232
192	0	64
48	80	128
104	152	0
68	156	32
78	94	84
88	0	168
0	128	128
0	0	256
256	0	0
0	0	256
44	36	176
256	0	0
0	256	0
96	160	0
104	64	88
104	84	68
144	96	16
64	128	64
0	192	64
120	88	48
96	160	0
0	128	128
0	256	0
48	160	48
130	76	50
0	256	0
56	176	24
0	192	64
100	64	92
150	44	62
0	256	0
16	48	192
256	0	0
56	104	96
128	0	128
88	76	92
0	0	256
40	172	44
256	0	0
0	128	128
72	76	108
96	56	104
66	92	98
128	64	64
112	128	16
12	196	48
0	128	128
0	128	128
0	256	0
224	0	32
192	64	0
48	176	32
98	80	78
128	0	128
36	196	24
128	0	128
68	114	74
84	56	116
120	40	96
192	32	32
40	120	96
56	192	8
68	176	12
48	32	176
20	112	124
52	76	128
136	48	72
24	96	136
96	80	80
54	140	62
32	48	176
192	0	64
184	36	36
16	160	80
52	124	80
40	136	80
32	136	88
232	0	24
56	120	80
58	74	124
80	48	128
72	89	95
32	0	224
120	40	96
8	184	64
20	148	88
96	32	128
64	32	160
0	256	0
96	128	32
192	64	0
0	128	128
144	0	112
0	0	256
256	0	0
56	48	152
192	0	64
60	18	178
136	120	0
52	40	164
82	89	85
64	64	128
0	0	256
0	32	224
24	104	128
0	0	256
32	0	224
16	72	168
64	0	192
64	0	192
120	12	124
128	0	128
0	32	224
64	96	96
0	64	192
128	0	128
0	256	0
128	128	0
0	128	128
0	0	256
96	72	88
32	104	120
0	0	256
128	64	64
0	192	64
64	96	96
88	60	108
136	96	24
0	64	192
0	192	64
200	24	32
96	96	64
72	80	104
192	0	64
0	64	192
88	104	64
72	86	98
56	136	64
24	72	160
144	64	48
64	192	0
64	96	96
56	184	16
32	176	48
64	128	64
224	0	32
160	32	64
80	96	80
144	88	24
0	256	0
0	256	0
0	256	0
0	128	128
128	128	0
0	256	0
0	80	176
28	72	156
192	64	0
256	0	0
0	0	256
24	16	216
128	64	64
0	0	256
104	64	88
256	0	0
0	256	0
0	256	0
0	256	0
64	0	192
148	24	84
0	64	192
160	44	52
0	0	256
256	0	0
0	64	192
48	96	112
256	0	0
48	112	96
48	184	24
96	128	32
0	0	256
0	256	0
16	132	108
0	0	256
128	64	64
0	128	128
128	0	128
92	126	38
24	92	140
12	192	52
256	0	0
64	0	192
0	128	128
32	32	192
96	160	0
0	0	256
0	192	64
256	0	0
16	112	128
96	16	144
96	160	0
88	48	120
48	124	84
96	96	64
0	0	256
0	0	256
64	176	16
96	160	0
128	128	0
0	160	96
0	256	0
0	176	80
128	128	0
28	228	0
120	88	48
16	216	24
192	0	64
16	96	144
16	112	128
192	0	64
12	168	76
84	108	64
32	128	96
0	48	208
0	256	0
256	0	0
64	160	32
64	36	156
32	0	224
144	80	32
136	88	32
192	64	0
0	176	80
80	120	56
70	136	50
104	64	88
64	0	192
0	40	216
72	84	100
90	114	52
64	120	72
120	74	62
48	132	76
128	64	64
128	120	8
72	160	24
0	256	0
0	256	0
0	128	128
0	128	128
76	60	120
88	133	35
92	44	120
128	44	84
0	0	256
172	64	20
96	48	112
0	0	256
0	256	0
8	240	8
128	60	68
112	96	48
72	24	160
136	64	56
144	72	40
128	64	64
32	112	112
24	156	76
112	128	16
144	104	8
0	152	104
64	104	88
64	64	128
48	116	92
176	56	24
80	32	144
80	160	16
96	160	0
56	112	88
96	128	32
32	128	96
94	34	128
176	56	24
136	84	36
120	104	32
96	112	48
96	64	96
80	104	72
120	12	124
64	72	120
48	168	40
80	32	144
72	8	176
112	128	16
256	0	0
24	232	0
40	88	128
160	0	96
72	32	152
96	88	72
48	48	160
40	90	126
256	0	0
136	48	72
120	136	0
80	144	32
0	16	240
192	0	64
0	240	16
32	96	128
64	96	96
76	138	42
88	136	32
0	256	0
0	128	128
32	0	224
256	0	0
0	128	128
16	64	176
128	64	64
0	160	96
32	176	48
168	24	64
148	36	72
0	256	0
0	256	0
40	80	136
56	144	56
256	0	0
0	256	0
0	256	0
0	224	32
96	128	32
0	256	0
0	256	0
16	224	16
128	128	0
224	0	32
0	256	0
0	128	128
24	88	144
76	92	88
52	104	100
0	256	0
64	192	0
176	80	0
32	176	48
96	160	0
112	40	104
192	48	16
78	84	94
56	144	56
192	32	32
0	64	192
96	0	160
136	24	96
32	160	64
114	106	36
120	88	48
32	112	112
144	16	96
16	112	128
16	128	112
32	160	64
48	80	128
0	0	256
192	64	0
32	32	192
0	128	128
256	0	0
48	112	96
0	128	128
96	16	144
192	64	0
256	0	0
0	64	192
0	256	0
0	16	240
128	128	0
128	0	128
40	88	128
72	104	80
48	48	160
60	136	60
0	136	120
96	96	64
16	16	224
56	136	64
104	112	40
128	0	128
112	64	80
42	160	54
16	200	40
80	112	64
48	64	144
48	176	32
0	256	0
256	0	0
32	72	152
56	152	48
41	110	105
256	0	0
0	256	0
120	56	80
0	256	0
80	0	176
80	8	168
64	144	48
128	128	0
112	16	128
0	192	64
16	128	112
144	88	24
0	224	32
80	48	128
168	88	0
104	104	48
0	256	0
0	128	128
88	96	72
94	47	115
200	0	56
0	256	0
256	0	0
64	192	0
0	0	256
128	128	0
72	160	24
192	64	0
0	256	0
96	96	64
128	0	128
120	100	36
76	96	84
80	32	144
32	112	112
0	128	128
118	80	58
80	67	109
128	24	104
64	80	112
136	40	80
56	128	72
96	128	32
16	152	88
0	0	256
0	0	256
112	70	74
80	96	80
80	52	124
28	56	172
12	116	128
96	128	32
16	92	148
128	128	0
0	128	128
36	200	20
96	72	88
64	128	64
43	88	125
48	96	112
256	0	0
128	116	12
0	256	0
88	144	24
80	48	128
96	160	0
0	112	144
112	112	32
64	120	72
32	128	96
128	128	0
256	0	0
0	256	0
192	0	64
0	64	192
0	0	256
256	0	0
0	0	256
96	64	96
16	0	240
0	256	0
0	128	128
0	0	256
0	192	64
128	0	128
0	0	256
128	32	96
0	64	192
128	0	128
0	0	256
78	76	102
0	0	256
0	192	64
256	0	0
0	0	256
256	0	0
96	0	160
96	56	104
168	0	88
32	80	144
0	128	128
64	96	96
224	0	32
0	176	80
192	40	24
104	100	52
24	112	120
24	168	64
256	0	0
0	0	256
0	0	256
200	0	56
0	0	256
0	64	192
48	120	88
32	120	104
0	0	256
256	0	0
32	144	80
0	64	192
192	64	0
256	0	0
24	128	104
0	256	0
256	0	0
0	128	128
0	224	32
0	96	160
256	0	0
82	72	102
128	128	0
16	64	176
256	0	0
208	48	0
192	64	0
128	128	0
0	0	256
8	8	240
32	224	0
256	0	0
0	256	0
0	256	0
0	256	0
128	96	32
96	160	0
160	0	96
48	144	64
128	0	128
0	256	0
160	16	80
96	88	72
60	194	2
192	0	64
116	128	12
0	0	256
48	208	0
256	0	0
80	0	176
67	85	104
52	108	96
120	48	88
48	48	160
48	44	164
32	48	176
0	0	256
64	96	96
60	120	76
32	96	128
0	0	256
160	96	0
256	0	0
160	40	56
8	80	168
0	48	208
144	0	112
48	48	160
96	96	64
0	0	256
96	144	16
32	224	0
184	48	24
160	64	32
64	144	48
0	176	80
160	64	32
116	116	24
0	256	0
0	128	128
160	0	96
88	168	0
96	0	160
128	96	32
0	160	96
128	128	0
0	192	64
0	256	0
0	256	0
32	128	96
232	12	12
256	0	0
128	128	0
0	160	96
80	160	16
152	32	72
200	24	32
24	160	72
0	224	32
208	0	48
0	144	112
24	156	76
84	48	124
144	96	16
58	132	66
48	208	0
72	76	108
48	80	128
0	128	128
8	80	168
198	16	42
88	128	40
32	128	96
224	16	16
0	128	128
0	184	72
48	152	56
52	84	120
76	92	88
80	144	32
108	32	116
72	172	12
48	208	0
112	64	80
144	112	0
192	64	0
112	48	96
72	120	64
96	160	0
24	128	104
64	48	144
0	256	0
156	34	66
192	0	64
128	12	116
256	0	0
80	40	136
48	208	0
64	128	64
0	256	0
32	224	0
0	192	64
88	24	144
54	154	48
76	112	68
96	64	96
112	64	80
36	124	96
72	120	64
176	56	24
16	52	188
112	76	68
224	0	32
72	16	168
104	112	40
64	96	96
224	32	0
24	192	40
32	184	40
0	160	96
112	120	24
48	160	48
16	240	0
83	93	80
180	8	68
156	8	92
58	76	122
224	32	0
48	208	0
122	88	46
88	72	96
120	0	136
128	128	0
44	184	28
0	0	256
128	4	124
0	256	0
0	256	0
0	80	176
0	88	168
192	64	0
136	20	100
256	0	0
40	56	160
16	80	160
128	128	0
32	60	164
0	112	144
40	136	80
112	0	144
60	32	164
24	232	0
0	48	208
256	0	0
64	0	192
80	144	32
0	0	256
56	8	192
256	0	0
68	100	88
96	128	32
192	64	0
160	0	96
100	48	108
96	96	64
96	160	0
112	84	60
0	0	256
64	128	64
52	196	8
0	128	128
96	32	128
0	184	72
16	16	224
0	0	256
192	0	64
64	192	0
0	256	0
40	56	160
0	192	64
4	236	16
48	24	184
0	208	48
0	256	0
0	176	80
192	0	64
20	144	92
0	256	0
64	192	0
48	148	60
112	112	32
224	32	0
64	192	0
0	256	0
40	48	168
256	0	0
16	112	128
128	48	80
0	256	0
0	64	192
0	64	192
0	0	256
128	0	128
132	112	12
192	0	64
114	118	24
26	102	128
128	0	128
64	96	96
16	216	24
32	184	40
128	88	40
88	104	64
128	128	0
20	208	28
72	136	48
0	160	96
48	192	16
256	0	0
144	56	56
0	0	256
0	64	192
256	0	0
0	0	256
48	192	16
192	64	0
0	0	256
0	256	0
0	64	192
256	0	0
256	0	0
160	48	48
160	32	64
24	104	128
128	0	128
224	0	32
128	0	128
128	72	56
64	0	192
0	256	0
0	256	0
144	48	64
16	40	200
68	52	136
176	56	24
0	0	256
128	0	128
112	40	104
12	116	128
224	0	32
14	210	32
0	0	256
12	236	8
32	96	128
0	0	256
18	98	140
76	66	114
256	0	0
0	64	192
16	72	168
0	32	224
0	224	32
0	256	0
224	32	0
96	160	0
24	48	184
0	0	256
256	0	0
0	256	0
0	256	0
128	128	0
0	64	192
256	0	0
96	0	160
224	32	0
256	0	0
36	4	216
96	88	72
82	104	70
128	32	96
64	192	0
64	192	0
192	64	0
208	0	48
192	64	0
0	256	0
0	64	192
0	64	192
0	256	0
112	64	80
0	32	224
64	0	192
0	0	256
80	32	144
48	16	192
120	80	56
0	96	160
124	116	16
48	128	80
56	40	160
256	0	0
108	112	36
16	128	112
136	24	96
48	208	0
168	64	24
96	160	0
48	152	56
192	64	0
0	208	48
0	0	256
0	256	0
256	0	0
60	88	108
0	88	168
64	192	0
256	0	0
0	256	0
0	128	128
256	0	0
32	160	64
0	256	0
0	128	128
16	96	144
152	0	104
64	192	0
144	16	96
16	144	96
48	144	64
64	128	64
102	84	70
0	256	0
32	160	64
64	80	112
0	128	128
256	0	0
32	32	192
16	112	128
256	0	0
96	16	144
128	16	112
64	192	0
96	128	32
64	128	64
160	0	96
256	0	0
96	80	80
64	96	96
0	256	0
64	192	0
64	192	0
0	0	256
180	16	60
64	192	0
256	0	0
64	192	0
30	188	38
64	128	64
0	256	0
64	0	192
208	48	0
256	0	0
0	0	256
0	0	256
0	0	256
128	0	128
64	144	48
0	0	256
0	224	32
200	0	56
0	72	184
0	96	160
0	0	256
0	64	192
152	36	68
36	180	40
224	8	24
64	0	192
0	0	256
128	80	48
80	32	144
160	0	96
148	48	60
8	104	144
0	240	16
112	136	8
128	112	16
64	0	192
128	80	48
0	0	256
112	24	120
0	0	256
256	0	0
32	128	96
48	16	192
16	224	16
0	256	0
24	72	160
120	80	56
160	32	64
256	0	0
192	0	64
256	0	0
88	120	48
88	68	100
64	44	148
224	0	32
32	48	176
60	180	16
104	56	96
192	32	32
0	160	96
192	64	0
8	64	184
52	180	24
56	128	72
32	0	224
128	128	0
152	104	0
96	0	160
16	144	96
96	112	48
32	96	128
20	120	116
76	72	108
104	152	0
22	32	202
128	0	128
256	0	0
56	40	160
107	84	65
0	224	32
24	40	192
0	0	256
256	0	0
96	32	128
0	256	0
0	256	0
256	0	0
256	0	0
256	0	0
0	256	0
128	112	16
0	256	0
64	192	0
0	0	256
108	60	88
168	0	88
0	0	256
0	224	32
96	64	96
256	0	0
256	0	0
256	0	0
0	0	256
128	0	128
42	86	128
256	0	0
96	96	64
0	0	256
192	64	0
0	144	112
0	0	256
24	232	0
32	0	224
64	0	192
48	42	166
192	0	64
256	0	0
0	0	256
176	48	32
224	32	0
0	112	144
0	48	208
60	136	60
0	256	0
96	32	128
194	0	62
256	0	0
32	192	32
144	92	20
0	256	0
128	0	128
32	96	128
0	64	192
64	0	192
192	0	64
256	0	0
32	128	96
64	0	192
160	0	96
0	136	120
0	256	0
96	104	56
64	48	144
80	80	96
64	32	160
0	96	160
64	160	32
52	152	52
40	216	0
128	128	0
0	32	224
64	64	128
64	0	192
64	192	0
0	160	96
256	0	0
256	0	0
0	256	0
192	64	0
64	192	0
96	160	0
96	64	96
0	160	96
192	0	64
0	0	256
256	0	0
48	80	128
128	0	128
140	104	12
64	64	128
128	128	0
0	0	256
208	40	8
106	106	44
32	128	96
136	64	56
256	0	0
48	112	96
16	240	0
0	192	64
96	16	144
64	96	96
24	224	8
96	160	0
64	104	88
24	232	0
0	256	0
80	176	0
256	0	0
16	240	0
72	24	160
256	0	0
0	128	128
160	48	48
192	0	64
80	48	128
0	256	0
32	144	80
0	112	144
0	256	0
40	88	128
24	112	120
96	128	32
64	88	104
93	76	87
228	0	28
112	96	48
48	192	16
0	256	0
32	44	180
0	144	112
156	64	36
50	150	56
0	184	72
192	0	64
20	116	120
224	0	32
64	0	192
132	116	8
176	20	60
256	0	0
16	144	96
56	112	88
80	24	152
160	96	0
160	32	64
40	64	152
49	158	49
192	64	0
96	128	32
256	0	0
0	72	184
8	200	48
0	64	192
28	148	80
0	256	0
0	0	256
16	200	40
86	88	82
48	120	88
114	32	110
144	40	72
112	48	96
72	72	112
256	0	0
68	98	90
144	64	48
32	24	200
144	0	112
96	160	0
72	32	152
96	0	160
0	0	256
50	44	162
100	70	86
40	72	144
112	48	96
256	0	0
96	160	0
0	0	256
48	120	88
160	96	0
36	172	48
80	48	128
184	32	40
0	0	256
0	0	256
256	0	0
48	40	168
30	36	190
38	88	130
128	128	0
0	0	256
24	64	168
0	64	192
112	112	32
160	0	96
64	96	96
96	64	96
32	152	72
64	0	192
128	0	128
92	100	64
160	96	0
40	120	96
48	144	64
48	8	200
0	0	256
160	0	96
144	8	104
80	96	80
160	96	0
80	152	24
112	64	80
144	112	0
192	16	48
64	128	64
160	32	64
82	90	84
256	0	0
0	256	0
0	192	64
192	0	64
128	0	128
