#topo1 (OUTGROUP,((ann,pet),ano));
#topo2 (OUTGROUP,((ann,ano),pet));
#topo3 (OUTGROUP,(ann,(pet,ano)));
topo1	topo2	topo3
0	128	128
0	192	64
0	0	256
192	0	64
128	64	64
0	112	144
0	48	208
48	0	208
256	0	0
0	0	256
184	24	48
256	0	0
256	0	0
256	0	0
0	256	0
160	0	96
0	256	0
144	64	48
80	88	88
0	256	0
0	0	256
128	128	0
0	256	0
32	160	64
0	256	0
128	128	0
0	256	0
144	96	16
32	224	0
40	200	16
112	0	144
120	48	88
192	0	64
104	104	48
0	32	224
0	0	256
0	256	0
0	0	256
96	96	64
0	192	64
0	0	256
64	32	160
48	32	176
40	66	150
36	204	16
128	16	112
96	32	128
160	0	96
0	0	256
0	0	256
0	0	256
0	64	192
32	8	216
0	0	256
48	96	112
32	128	96
0	0	256
48	0	208
0	256	0
0	0	256
0	256	0
40	96	120
0	0	256
32	128	96
0	0	256
0	0	256
0	16	240
0	0	256
0	0	256
0	0	256
64	0	192
96	128	32
152	40	64
24	224	8
128	64	64
192	0	64
0	128	128
0	0	256
128	0	128
144	48	64
256	0	0
128	48	80
224	32	0
256	0	0
192	64	0
256	0	0
256	0	0
76	168	12
152	24	80
16	136	104
128	96	32
32	216	8
160	32	64
106	90	60
256	0	0
256	0	0
160	96	0
184	72	0
192	0	64
32	96	128
0	32	224
72	104	80
144	64	48
192	32	32
144	40	72
80	100	76
16	128	112
168	64	24
192	0	64
88	104	64
0	24	232
240	0	16
8	152	96
192	0	64
128	24	104
256	0	0
256	0	0
256	0	0
96	36	124
0	0	256
96	64	96
0	64	192
0	0	256
0	128	128
0	64	192
32	72	152
32	128	96
96	136	24
112	80	64
256	0	0
192	0	64
224	24	8
0	128	128
104	120	32
192	64	0
64	0	192
32	96	128
0	256	0
0	0	256
192	64	0
48	148	60
128	64	64
224	32	0
96	160	0
160	96	0
80	64	112
256	0	0
44	144	68
24	168	64
256	0	0
208	20	28
32	0	224
8	200	48
0	0	256
56	0	200
256	0	0
16	240	0
0	0	256
136	0	120
0	0	256
0	128	128
192	64	0
64	0	192
64	0	192
120	72	64
88	16	152
112	96	48
0	96	160
120	16	120
60	60	136
0	0	256
0	32	224
32	208	16
0	0	256
48	128	80
0	64	192
64	0	192
0	0	256
0	48	208
16	0	240
48	96	112
48	112	96
64	0	192
0	0	256
0	0	256
0	0	256
64	192	0
64	64	128
128	0	128
0	256	0
32	0	224
72	84	100
128	80	48
0	64	192
0	64	192
192	0	64
80	160	16
0	64	192
0	32	224
0	256	0
0	0	256
0	0	256
48	16	192
66	122	68
160	96	0
72	128	56
80	96	80
56	8	192
188	48	20
64	70	122
64	32	160
0	64	192
96	32	128
96	64	96
64	64	128
0	192	64
224	32	0
128	128	0
0	0	256
0	64	192
256	0	0
256	0	0
112	64	80
256	0	0
64	0	192
144	80	32
128	64	64
128	124	4
112	96	48
192	48	16
256	0	0
144	64	48
192	64	0
48	32	176
48	66	142
138	50	68
18	76	162
100	108	48
64	128	64
0	256	0
0	256	0
152	0	104
200	48	8
128	128	0
32	208	16
156	36	64
224	0	32
256	0	0
96	0	160
96	64	96
68	136	52
64	16	176
64	0	192
192	64	0
64	136	56
64	0	192
112	36	108
0	0	256
96	112	48
64	128	64
64	80	112
0	96	160
64	0	192
64	0	192
256	0	0
0	64	192
160	32	64
24	40	192
128	64	64
0	0	256
0	256	0
144	72	40
256	0	0
256	0	0
80	8	168
96	128	32
0	192	64
256	0	0
48	50	158
64	0	192
56	48	152
36	124	96
160	96	0
192	0	64
104	28	124
160	58	38
24	24	208
224	0	32
128	32	96
32	224	0
64	0	192
224	0	32
48	128	80
256	0	0
0	48	208
64	88	104
176	16	64
16	192	48
64	80	112
58	128	70
256	0	0
48	64	144
192	0	64
132	58	66
160	48	48
32	192	32
76	56	124
192	32	32
120	64	72
48	112	96
48	38	170
112	32	112
8	72	176
192	0	64
128	128	0
0	32	224
256	0	0
8	0	248
0	0	256
128	0	128
100	60	96
128	128	0
96	160	0
0	0	256
0	0	256
256	0	0
0	0	256
128	112	16
16	128	112
0	0	256
16	144	96
48	176	32
32	160	64
216	24	16
216	40	0
16	16	224
32	192	32
0	224	32
96	64	96
192	0	64
208	0	48
256	0	0
256	0	0
112	80	64
0	256	0
160	64	32
84	48	124
0	96	160
0	64	192
0	0	256
168	64	24
256	0	0
0	64	192
136	72	48
96	160	0
16	224	16
48	64	144
256	0	0
256	0	0
0	0	256
192	64	0
200	56	0
0	128	128
256	0	0
192	64	0
256	0	0
256	0	0
0	32	224
72	152	32
224	0	32
0	224	32
112	96	48
144	64	48
0	104	152
0	32	224
64	0	192
0	0	256
0	0	256
0	0	256
0	64	192
128	128	0
64	96	96
256	0	0
146	54	56
128	0	128
48	0	208
96	72	88
0	48	208
16	48	192
0	192	64
84	84	88
192	64	0
0	0	256
0	64	192
48	40	168
34	176	46
0	0	256
0	24	232
0	0	256
20	0	236
0	0	256
240	0	16
0	0	256
0	0	256
0	0	256
48	0	208
112	144	0
64	0	192
256	0	0
96	0	160
0	0	256
168	24	64
0	0	256
56	24	176
144	48	64
0	0	256
0	0	256
0	0	256
224	32	0
32	160	64
0	0	256
160	0	96
0	0	256
48	16	192
0	0	256
64	0	192
0	0	256
0	0	256
0	0	256
256	0	0
54	202	0
0	128	128
0	224	32
118	56	82
0	0	256
64	64	128
0	96	160
64	0	192
160	32	64
64	192	0
0	256	0
48	0	208
192	64	0
64	0	192
84	16	156
192	0	64
96	0	160
32	0	224
0	128	128
64	128	64
0	256	0
64	192	0
64	0	192
64	192	0
256	0	0
16	8	232
192	0	64
0	40	216
48	0	208
0	0	256
96	32	128
94	50	112
160	0	96
0	64	192
0	0	256
32	0	224
16	48	192
0	64	192
8	104	144
32	208	16
176	32	48
192	64	0
192	64	0
96	32	128
0	64	192
32	56	168
192	64	0
128	32	96
204	40	12
0	192	64
240	16	0
0	192	64
12	8	236
72	108	76
224	0	32
40	176	40
128	40	88
256	0	0
64	0	192
96	120	40
256	0	0
60	36	160
0	64	192
32	0	224
56	96	104
80	16	160
50	18	188
0	64	192
48	0	208
128	64	64
192	0	64
256	0	0
224	0	32
192	32	32
150	36	70
192	0	64
0	0	256
64	96	96
0	0	256
30	128	98
0	224	32
24	128	104
0	8	248
96	96	64
0	0	256
0	0	256
56	8	192
96	128	32
48	190	18
0	0	256
80	72	104
256	0	0
48	96	112
192	64	0
128	0	128
0	64	192
96	64	96
62	134	60
192	64	0
224	0	32
232	24	0
224	32	0
84	120	52
164	48	44
256	0	0
116	12	128
32	40	184
72	112	72
144	80	32
32	224	0
0	224	32
96	0	160
192	64	0
32	192	32
128	64	64
24	200	32
160	96	0
128	0	128
192	0	64
32	0	224
192	0	64
96	16	144
256	0	0
192	0	64
16	56	184
256	0	0
112	128	16
0	0	256
96	64	96
256	0	0
256	0	0
32	224	0
0	256	0
32	192	32
160	0	96
148	0	108
40	24	192
0	128	128
128	64	64
0	0	256
128	0	128
256	0	0
96	160	0
160	96	0
128	128	0
96	160	0
64	0	192
48	112	96
140	92	24
128	32	96
256	0	0
96	64	96
24	184	48
80	128	48
112	0	144
64	32	160
112	112	32
0	256	0
96	64	96
0	0	256
256	0	0
192	0	64
64	64	128
148	0	108
0	128	128
72	0	184
0	256	0
48	48	160
256	0	0
64	64	128
32	224	0
128	40	88
0	0	256
256	0	0
64	0	192
0	0	256
0	0	256
112	112	32
0	0	256
32	96	128
0	0	256
192	0	64
0	256	0
256	0	0
144	36	76
0	0	256
128	96	32
128	0	128
88	96	72
0	0	256
0	0	256
96	48	112
0	0	256
144	72	40
96	160	0
256	0	0
64	192	0
192	64	0
116	60	80
256	0	0
0	64	192
0	160	96
160	72	24
16	96	144
96	48	112
160	48	48
224	8	24
192	48	16
256	0	0
160	0	96
96	112	48
96	96	64
64	128	64
0	64	192
0	64	192
0	0	256
0	80	176
0	0	256
128	64	64
64	0	192
128	128	0
192	0	64
128	128	0
256	0	0
256	0	0
96	0	160
128	0	128
0	64	192
0	0	256
96	128	32
64	160	32
128	128	0
64	64	128
100	56	100
48	160	48
128	0	128
0	0	256
172	24	60
0	256	0
0	0	256
0	192	64
0	96	160
128	64	64
0	256	0
64	0	192
24	208	24
0	0	256
224	32	0
192	0	64
256	0	0
64	32	160
64	112	80
192	0	64
256	0	0
48	128	80
64	136	56
48	128	80
96	96	64
0	160	96
80	8	168
96	0	160
64	64	128
32	0	224
16	0	240
112	144	0
16	216	24
152	24	80
0	160	96
0	0	256
0	0	256
128	64	64
0	32	224
24	0	232
0	0	256
170	24	62
64	0	192
128	128	0
32	128	96
16	56	184
96	64	96
128	40	88
48	0	208
64	64	128
128	0	128
0	0	256
0	128	128
56	184	16
152	48	56
256	0	0
24	208	24
192	0	64
64	24	168
64	64	128
140	60	56
72	140	44
50	132	74
192	16	48
160	0	96
0	0	256
144	60	52
128	104	24
0	200	56
64	128	64
32	208	16
128	92	36
96	96	64
256	0	0
144	64	48
0	0	256
0	24	232
64	128	64
0	192	64
104	112	40
0	80	176
48	16	192
256	0	0
80	144	32
64	96	96
0	0	256
0	0	256
64	128	64
192	0	64
64	160	32
24	224	8
96	64	96
160	96	0
128	64	64
56	56	144
64	112	80
56	56	144
100	60	96
56	60	140
0	96	160
18	102	136
16	16	224
0	192	64
120	80	56
96	64	96
202	28	26
128	64	64
116	80	60
0	0	256
94	66	96
192	0	64
80	96	80
72	68	116
0	224	32
64	80	112
192	32	32
88	112	56
118	114	24
32	64	160
256	0	0
0	64	192
72	136	48
128	0	128
128	0	128
64	160	32
0	144	112
102	60	94
192	64	0
96	160	0
0	0	256
128	64	64
64	112	80
0	128	128
0	144	112
128	0	128
256	0	0
12	216	28
0	64	192
192	0	64
0	256	0
64	0	192
0	64	192
0	128	128
64	144	48
32	32	192
104	100	52
0	48	208
64	0	192
160	24	72
0	240	16
224	32	0
40	44	172
0	192	64
120	24	112
32	128	96
12	192	52
256	0	0
256	0	0
80	96	80
224	32	0
192	0	64
256	0	0
96	112	48
0	256	0
48	0	208
0	64	192
0	0	256
256	0	0
0	256	0
0	64	192
0	256	0
24	56	176
76	40	140
80	56	120
0	256	0
0	0	256
192	64	0
56	88	112
0	64	192
64	16	176
224	32	0
8	44	204
0	128	128
56	112	88
108	60	88
128	0	128
128	64	64
0	256	0
0	256	0
180	44	32
16	192	48
96	64	96
0	48	208
0	0	256
0	128	128
96	0	160
256	0	0
96	96	64
0	256	0
192	0	64
256	0	0
0	0	256
72	88	96
152	72	32
128	96	32
0	0	256
0	0	256
64	72	120
40	112	104
256	0	0
24	126	106
176	32	48
176	80	0
96	128	32
32	32	192
32	0	224
32	80	144
48	176	32
224	0	32
224	0	32
32	32	192
256	0	0
32	96	128
112	96	48
16	48	192
0	0	256
62	82	112
64	160	32
96	104	56
112	144	0
112	0	144
256	0	0
72	120	64
256	0	0
128	0	128
192	0	64
16	112	128
256	0	0
160	96	0
160	32	64
16	224	16
144	80	32
8	96	152
32	96	128
64	92	100
40	120	96
192	64	0
48	32	176
256	0	0
192	64	0
8	24	224
192	0	64
32	32	192
224	0	32
160	96	0
120	64	72
224	0	32
112	48	96
256	0	0
32	32	192
128	72	56
96	8	152
156	52	48
88	24	144
96	0	160
0	32	224
0	32	224
208	24	24
256	0	0
0	0	256
192	0	64
0	96	160
192	64	0
192	0	64
56	120	80
128	128	0
0	128	128
48	128	80
256	0	0
192	0	64
48	112	96
192	64	0
192	64	0
64	32	160
88	80	88
96	112	48
128	128	0
8	0	248
188	36	32
0	64	192
160	0	96
192	0	64
0	0	256
0	0	256
0	24	232
192	0	64
128	128	0
0	144	112
0	0	256
94	76	86
0	0	256
128	0	128
128	128	0
0	0	256
0	64	192
96	160	0
192	64	0
0	0	256
0	16	240
48	32	176
64	64	128
0	0	256
64	192	0
0	0	256
64	0	192
256	0	0
16	88	152
192	0	64
0	0	256
8	20	228
224	32	0
92	100	64
112	128	16
0	256	0
192	0	64
0	256	0
0	160	96
32	0	224
80	112	64
0	0	256
0	32	224
0	128	128
256	0	0
64	64	128
48	208	0
64	192	0
256	0	0
48	80	128
96	64	96
32	72	152
192	64	0
224	8	24
0	256	0
0	40	216
64	192	0
96	160	0
48	176	32
128	128	0
80	48	128
0	64	192
128	32	96
0	256	0
124	42	90
128	128	0
104	48	104
0	256	0
192	0	64
0	128	128
192	64	0
256	0	0
128	0	128
0	96	160
0	0	256
0	256	0
0	0	256
0	192	64
160	78	18
64	0	192
0	0	256
256	0	0
0	0	256
64	64	128
92	34	130
64	64	128
256	0	0
256	0	0
128	0	128
16	160	80
48	208	0
24	160	72
64	192	0
0	0	256
0	0	256
224	0	32
40	64	152
52	144	60
0	64	192
0	192	64
8	120	128
84	76	96
44	176	36
232	0	24
8	0	248
256	0	0
256	0	0
72	136	48
0	16	240
64	0	192
0	16	240
64	0	192
0	128	128
128	0	128
0	0	256
0	0	256
192	0	64
20	220	16
88	156	12
0	0	256
0	0	256
0	32	224
16	8	232
0	256	0
0	96	160
0	128	128
156	24	76
128	112	16
16	64	176
64	192	0
128	32	96
96	128	32
128	128	0
256	0	0
24	160	72
160	0	96
0	64	192
0	64	192
0	0	256
16	0	240
0	0	256
0	0	256
0	0	256
16	32	208
192	64	0
0	64	192
112	88	56
48	80	128
64	64	128
0	64	192
0	0	256
0	0	256
128	0	128
224	0	32
0	0	256
128	32	96
8	208	40
0	0	256
192	0	64
0	0	256
128	64	64
0	0	256
0	0	256
0	192	64
32	0	224
16	64	176
128	0	128
0	0	256
192	0	64
220	36	0
192	32	32
96	16	144
96	96	64
0	0	256
112	16	128
128	72	56
144	64	48
0	0	256
256	0	0
120	56	80
64	0	192
128	0	128
16	192	48
98	90	68
48	144	64
128	64	64
32	128	96
148	56	52
96	48	112
48	208	0
64	96	96
112	48	96
96	48	112
0	0	256
0	128	128
32	0	224
48	0	208
72	100	84
0	256	0
0	0	256
0	128	128
192	0	64
0	32	224
64	24	168
120	132	4
0	0	256
96	160	0
64	32	160
96	0	160
72	92	92
144	60	52
0	96	160
0	0	256
0	0	256
126	112	18
192	64	0
37	122	97
32	224	0
0	0	256
64	0	192
80	64	112
64	116	76
0	0	256
0	0	256
0	0	256
120	96	40
0	0	256
48	128	80
200	24	32
160	0	96
0	256	0
0	0	256
0	0	256
128	0	128
192	0	64
0	0	256
192	0	64
0	256	0
48	60	148
0	232	24
256	0	0
224	32	0
128	0	128
96	160	0
0	192	64
0	64	192
64	128	64
160	0	96
64	0	192
96	32	128
128	0	128
0	64	192
128	0	128
96	32	128
172	24	60
124	64	68
0	64	192
16	0	240
64	128	64
192	64	0
128	128	0
192	0	64
224	32	0
64	48	144
96	0	160
256	0	0
192	32	32
192	64	0
224	0	32
32	0	224
256	0	0
32	64	160
84	108	64
0	32	224
0	0	256
0	256	0
0	144	112
48	144	64
128	48	80
120	72	64
192	64	0
60	92	104
240	16	0
192	0	64
128	128	0
160	0	96
0	256	0
192	0	64
0	0	256
64	0	192
256	0	0
64	0	192
0	256	0
0	0	256
0	0	256
0	0	256
0	0	256
0	64	192
192	0	64
80	96	80
0	256	0
96	32	128
256	0	0
0	0	256
0	0	256
16	4	236
0	0	256
0	0	256
56	100	100
0	80	176
168	56	32
0	96	160
0	0	256
224	32	0
0	64	192
0	0	256
0	0	256
0	256	0
96	160	0
56	152	48
0	64	192
0	256	0
0	0	256
256	0	0
0	256	0
256	0	0
0	64	192
56	192	8
0	64	192
96	0	160
24	0	232
0	0	256
80	126	50
0	0	256
0	256	0
0	0	256
32	32	192
64	96	96
256	0	0
0	0	256
0	0	256
0	0	256
96	0	160
184	36	36
128	128	0
0	0	256
192	0	64
40	48	168
96	160	0
192	64	0
96	96	64
256	0	0
256	0	0
100	58	98
104	20	132
56	48	152
256	0	0
48	144	64
24	192	40
112	144	0
140	84	32
64	0	192
38	106	112
122	78	56
64	0	192
48	96	112
80	80	96
40	124	92
0	8	248
224	0	32
32	128	96
0	192	64
224	32	0
256	0	0
64	150	42
48	208	0
256	0	0
60	148	48
256	0	0
0	256	0
0	0	256
0	256	0
48	0	208
48	64	144
0	64	192
0	256	0
256	0	0
64	0	192
96	112	48
0	256	0
256	0	0
144	32	80
192	0	64
0	256	0
8	56	192
12	104	140
0	16	240
0	64	192
112	32	112
0	0	256
168	88	0
256	0	0
224	0	32
16	0	240
80	8	168
0	0	256
16	32	208
128	0	128
40	24	192
0	0	256
80	144	32
0	0	256
0	0	256
256	0	0
0	0	256
208	0	48
128	0	128
76	140	40
256	0	0
192	48	16
0	192	64
0	128	128
0	0	256
90	40	126
0	0	256
0	0	256
0	0	256
0	0	256
0	64	192
24	8	224
0	0	256
32	0	224
0	0	256
0	128	128
0	0	256
0	0	256
0	72	184
0	0	256
0	0	256
0	0	256
224	0	32
74	78	104
0	0	256
240	16	0
40	128	88
0	0	256
224	16	16
0	0	256
0	176	80
192	0	64
256	0	0
96	96	64
96	0	160
192	0	64
128	0	128
92	40	124
96	0	160
0	0	256
64	0	192
0	192	64
160	96	0
128	0	128
120	64	72
160	80	16
0	0	256
0	0	256
64	192	0
64	16	176
256	0	0
0	0	256
32	0	224
128	128	0
88	80	88
174	68	14
80	144	32
32	128	96
64	160	32
256	0	0
256	0	0
32	96	128
128	0	128
192	0	64
32	24	200
48	112	96
8	36	212
160	16	80
64	128	64
64	72	120
0	192	64
0	256	0
256	0	0
160	96	0
16	208	32
160	0	96
0	0	256
112	40	104
128	0	128
128	0	128
64	0	192
32	16	208
64	96	96
192	0	64
0	64	192
0	0	256
0	256	0
0	0	256
176	64	16
256	0	0
160	48	48
96	160	0
224	0	32
0	128	128
0	16	240
96	64	96
64	0	192
184	0	72
160	64	32
256	0	0
32	224	0
48	80	128
120	32	104
0	120	136
8	80	168
32	160	64
0	128	128
80	64	112
72	128	56
66	42	148
112	80	64
100	68	88
192	0	64
192	32	32
24	128	104
192	64	0
0	256	0
0	0	256
32	64	160
96	160	0
0	192	64
4	210	42
16	114	126
120	88	48
0	0	256
0	160	96
32	160	64
144	46	66
16	48	192
48	16	192
96	64	96
64	32	160
32	128	96
0	128	128
112	32	112
96	0	160
104	120	32
48	48	160
144	0	112
56	32	168
224	0	32
32	0	224
96	0	160
128	0	128
0	0	256
64	192	0
64	0	192
32	160	64
192	0	64
0	256	0
64	64	128
144	16	96
64	192	0
0	32	224
128	16	112
32	224	0
0	64	192
0	0	256
72	64	120
64	48	144
0	0	256
0	64	192
96	0	160
32	224	0
0	192	64
16	128	112
0	32	224
192	64	0
256	0	0
206	2	48
0	0	256
0	0	256
256	0	0
84	76	96
8	52	196
0	0	256
256	0	0
0	0	256
0	0	256
0	32	224
0	256	0
24	24	208
0	0	256
0	64	192
0	0	256
96	128	32
0	0	256
76	128	52
64	192	0
0	0	256
0	0	256
0	160	96
0	64	192
0	0	256
0	0	256
32	0	224
128	0	128
0	256	0
0	0	256
0	0	256
32	0	224
0	0	256
256	0	0
0	0	256
0	0	256
224	0	32
0	0	256
0	192	64
0	256	0
0	0	256
0	0	256
0	0	256
0	80	176
112	0	144
256	0	0
0	8	248
0	0	256
96	96	64
0	0	256
0	0	256
0	0	256
0	0	256
0	0	256
0	0	256
0	0	256
0	128	128
0	0	256
256	0	0
0	0	256
160	80	16
0	0	256
0	160	96
80	32	144
192	32	32
128	64	64
16	96	144
0	224	32
24	0	232
0	0	256
0	0	256
32	224	0
256	0	0
0	256	0
0	0	256
0	0	256
0	0	256
48	80	128
0	0	256
128	0	128
24	24	208
0	0	256
0	0	256
0	16	240
0	0	256
32	0	224
0	32	224
0	0	256
0	0	256
224	0	32
168	24	64
64	32	160
256	0	0
128	128	0
0	32	224
0	0	256
0	0	256
0	0	256
0	0	256
256	0	0
6	6	244
128	0	128
96	0	160
0	0	256
32	32	192
0	0	256
256	0	0
0	256	0
0	32	224
0	0	256
0	0	256
0	48	208
0	192	64
192	0	64
0	0	256
48	144	64
160	0	96
96	0	160
0	0	256
32	32	192
0	0	256
0	0	256
120	48	88
108	44	104
0	0	256
0	0	256
16	96	144
0	0	256
16	16	224
0	96	160
0	0	256
0	0	256
0	0	256
0	0	256
256	0	0
0	0	256
0	0	256
0	0	256
0	0	256
192	0	64
48	0	208
0	0	256
0	0	256
64	0	192
0	0	256
0	0	256
160	0	96
0	0	256
0	0	256
0	0	256
0	0	256
224	0	32
0	0	256
0	0	256
0	0	256
0	0	256
0	0	256
0	0	256
0	0	256
48	48	160
78	62	116
0	64	192
112	64	80
137	44	75
120	72	64
256	0	0
208	32	16
0	0	256
256	0	0
144	64	48
120	112	24
128	32	96
44	34	178
4	172	80
40	104	112
56	104	96
192	0	64
112	128	16
80	80	96
0	32	224
66	142	48
0	0	256
24	208	24
136	88	32
56	64	136
16	16	224
0	0	256
96	32	128
160	48	48
64	0	192
0	0	256
192	64	0
80	68	108
90	70	96
16	208	32
0	256	0
48	80	128
72	32	152
32	120	104
64	48	144
96	64	96
62	112	82
32	192	32
0	0	256
200	24	32
112	64	80
128	48	80
48	192	16
104	96	56
96	96	64
0	192	64
128	128	0
64	128	64
160	0	96
0	128	128
32	160	64
192	48	16
64	192	0
88	68	100
96	160	0
64	128	64
172	32	52
144	32	80
192	64	0
96	0	160
96	96	64
64	0	192
64	192	0
0	64	192
0	128	128
56	32	168
64	0	192
0	0	256
192	64	0
192	0	64
192	0	64
256	0	0
0	0	256
0	0	256
56	32	168
256	0	0
256	0	0
0	256	0
32	208	16
0	256	0
84	104	68
128	80	48
32	112	112
128	64	64
64	192	0
32	0	224
64	32	160
48	208	0
0	0	256
96	32	128
16	78	162
32	0	224
104	28	124
0	0	256
16	16	224
96	32	128
168	48	40
40	40	176
0	256	0
0	96	160
256	0	0
32	128	96
192	64	0
128	32	96
120	40	96
0	256	0
16	32	208
36	28	192
232	24	0
0	0	256
40	78	138
0	256	0
48	136	72
0	0	256
0	256	0
0	0	256
0	16	240
0	8	248
0	0	256
256	0	0
0	256	0
134	48	74
32	32	192
32	224	0
88	136	32
24	232	0
0	64	192
0	0	256
128	0	128
0	64	192
192	0	64
88	92	76
0	0	256
0	184	72
0	192	64
0	0	256
0	256	0
64	64	128
36	12	208
0	96	160
108	80	68
96	40	120
0	0	256
64	64	128
0	0	256
64	96	96
0	96	160
32	160	64
0	0	256
96	48	112
0	256	0
128	56	72
32	0	224
0	64	192
0	64	192
0	0	256
0	0	256
0	72	184
0	0	256
96	0	160
0	0	256
0	0	256
0	0	256
224	0	32
16	16	224
0	56	200
24	8	224
64	0	192
0	192	64
0	192	64
112	144	0
0	0	256
128	64	64
0	0	256
24	64	168
160	0	96
0	256	0
128	0	128
0	0	256
0	64	192
0	64	192
80	24	152
0	0	256
48	144	64
80	80	96
32	96	128
160	0	96
0	256	0
224	32	0
0	0	256
64	0	192
96	64	96
0	256	0
32	112	112
0	32	224
0	0	256
8	0	248
0	112	144
48	32	176
16	128	112
0	0	256
224	0	32
64	48	144
128	64	64
64	160	32
144	48	64
32	48	176
164	28	64
68	68	120
32	176	48
68	56	132
256	0	0
24	232	0
64	126	66
64	64	128
126	52	78
32	192	32
64	48	144
144	68	44
256	0	0
128	112	16
160	32	64
100	30	126
200	24	32
64	32	160
121	88	47
56	24	176
80	72	104
80	96	80
192	0	64
16	72	168
120	36	100
56	128	72
48	160	48
0	128	128
88	72	96
0	0	256
0	0	256
96	16	144
0	0	256
48	64	144
0	0	256
64	0	192
0	128	128
0	64	192
96	0	160
0	64	192
64	192	0
0	256	0
0	128	128
0	128	128
0	208	48
192	64	0
48	10	198
128	128	0
0	192	64
192	0	64
32	128	96
0	0	256
0	64	192
100	36	120
144	0	112
256	0	0
192	0	64
0	0	256
128	0	128
0	128	128
64	0	192
0	128	128
64	80	112
64	192	0
64	48	144
224	0	32
128	0	128
64	0	192
104	48	104
112	84	60
124	74	58
80	168	8
70	48	138
16	104	136
64	96	96
72	172	12
0	0	256
256	0	0
112	96	48
16	96	144
0	192	64
0	256	0
256	0	0
160	16	80
80	112	64
0	0	256
48	16	192
224	32	0
64	32	160
48	0	208
64	0	192
192	64	0
64	64	128
0	256	0
192	64	0
0	0	256
256	0	0
256	0	0
0	64	192
104	0	152
64	128	64
128	0	128
0	80	176
96	96	64
128	0	128
0	0	256
0	0	256
96	56	104
0	0	256
96	16	144
96	96	64
0	64	192
192	64	0
128	32	96
0	64	192
0	0	256
0	0	256
0	0	256
160	96	0
32	64	160
128	128	0
256	0	0
0	0	256
128	128	0
192	0	64
0	0	256
0	24	232
192	0	64
0	160	96
208	32	16
120	96	40
98	58	100
88	0	168
128	0	128
0	0	256
0	128	128
0	0	256
256	0	0
256	0	0
0	192	64
96	160	0
176	32	48
172	60	24
144	96	16
0	128	128
32	224	0
120	88	48
96	160	0
0	0	256
0	192	64
64	128	64
32	116	108
256	0	0
56	176	24
256	0	0
160	32	64
150	44	62
256	0	0
16	48	192
144	112	0
72	24	160
128	0	128
88	76	92
0	0	256
160	32	64
256	0	0
0	0	256
120	40	96
96	56	104
44	116	96
192	0	64
32	224	0
160	0	96
128	128	0
0	64	192
224	0	32
224	0	32
192	64	0
60	4	192
75	56	125
0	16	240
48	208	0
0	0	256
50	108	98
92	40	124
144	0	112
224	0	32
40	120	96
56	192	8
128	128	0
168	32	56
32	0	224
24	56	176
64	104	88
32	48	176
32	80	144
48	148	60
32	48	176
16	32	208
112	72	72
256	0	0
96	0	160
40	72	144
24	224	8
96	64	96
64	112	80
104	93	59
96	32	128
36	110	110
32	0	224
164	68	24
160	32	64
128	32	96
112	88	56
32	192	32
0	0	256
96	112	48
256	0	0
0	256	0
128	128	0
256	0	0
0	192	64
144	96	16
64	64	128
22	180	54
160	96	0
64	32	160
84	72	100
256	0	0
0	0	256
0	32	224
144	32	80
0	0	256
32	0	224
64	92	100
64	0	192
256	0	0
0	120	136
192	0	64
0	32	224
128	0	128
0	64	192
0	64	192
0	128	128
128	0	128
128	0	128
0	0	256
136	40	80
152	80	24
0	0	256
128	64	64
64	192	0
0	192	64
88	36	132
64	128	64
0	64	192
128	0	128
32	96	128
256	0	0
208	0	48
64	128	64
0	64	192
128	0	128
64	96	96
112	16	128
24	72	160
32	128	96
112	0	144
256	0	0
160	0	96
48	176	32
128	0	128
32	96	128
0	224	32
64	96	96
240	16	0
0	256	0
0	0	256
256	0	0
0	0	256
96	32	128
0	256	0
256	0	0
52	48	156
0	256	0
256	0	0
0	0	256
24	16	216
128	64	64
0	0	256
160	24	72
256	0	0
192	64	0
0	0	256
0	0	256
64	0	192
116	52	88
0	0	256
60	84	112
0	0	256
256	0	0
0	64	192
256	0	0
0	160	96
192	64	0
96	0	160
0	0	256
0	0	256
0	0	256
76	148	32
0	0	256
96	64	96
0	96	160
0	0	256
80	142	34
0	80	176
24	88	144
0	256	0
256	0	0
256	0	0
32	128	96
96	160	0
0	0	256
0	256	0
0	0	256
96	160	0
96	16	144
256	0	0
48	48	160
48	58	150
0	128	128
192	0	64
0	0	256
96	96	64
96	64	96
0	0	256
192	32	32
0	256	0
144	0	112
256	0	0
24	232	0
0	120	136
256	0	0
0	256	0
32	96	128
48	0	208
0	64	192
24	48	184
224	8	24
256	0	0
96	16	144
0	256	0
0	0	256
96	96	64
64	36	156
32	224	0
48	112	96
224	32	0
192	64	0
0	96	160
128	96	32
112	108	36
16	96	144
0	112	144
56	0	200
68	98	90
0	60	196
64	144	48
76	82	98
120	88	48
0	112	144
144	96	16
0	208	48
96	0	160
0	0	256
0	256	0
0	0	256
180	48	28
130	72	54
66	102	88
40	112	104
256	0	0
24	128	104
144	32	80
0	0	256
0	256	0
32	200	24
64	80	112
112	96	48
72	24	160
224	32	0
80	144	32
16	112	128
88	0	168
120	96	40
24	120	112
192	64	0
0	152	104
144	40	72
192	0	64
88	48	120
144	64	48
0	120	136
32	224	0
160	0	96
80	88	88
80	64	112
112	96	48
76	58	122
72	40	144
256	0	0
80	120	56
32	64	160
192	0	64
256	0	0
16	88	152
48	112	96
128	32	96
16	64	176
36	100	120
128	16	112
40	48	168
32	160	64
112	112	32
160	0	96
224	32	0
80	88	88
48	48	160
40	90	126
256	0	0
256	0	0
256	0	0
192	64	0
256	0	0
256	0	0
256	0	0
256	0	0
256	0	0
108	82	66
160	32	64
64	0	192
0	0	256
32	0	224
0	48	208
16	0	240
0	96	160
128	0	128
0	0	256
96	32	128
48	96	112
8	136	112
0	0	256
0	0	256
40	80	136
16	32	208
24	48	184
0	0	256
64	0	192
256	0	0
192	0	64
0	0	256
32	0	224
0	0	256
0	0	256
32	32	192
0	192	64
0	0	256
48	48	160
224	0	32
64	96	96
0	0	256
128	128	0
256	0	0
32	224	0
160	96	0
160	96	0
32	104	120
84	90	82
224	32	0
96	128	32
0	64	192
96	0	160
136	96	24
0	256	0
114	98	44
224	16	16
144	32	80
0	192	64
32	0	224
0	256	0
0	256	0
96	112	48
0	0	256
128	64	64
96	128	32
128	128	0
128	0	128
32	112	112
128	64	64
128	112	16
32	16	208
256	0	0
0	64	192
0	256	0
0	16	240
32	96	128
0	128	128
152	48	56
48	112	96
32	128	96
72	104	80
16	96	144
80	48	128
0	48	208
112	112	32
256	0	0
128	0	128
128	32	96
210	12	34
136	80	40
32	224	0
16	192	48
128	64	64
0	256	0
256	0	0
96	48	112
16	176	64
154	24	78
32	24	200
64	64	128
192	0	64
192	0	64
52	32	172
256	0	0
64	0	192
16	88	152
16	104	136
48	128	80
256	0	0
192	16	48
0	192	64
256	0	0
120	32	104
104	104	48
0	64	192
256	0	0
32	48	176
26	80	150
192	8	56
128	0	128
256	0	0
64	192	0
0	0	256
0	32	224
256	0	0
192	64	0
192	64	0
80	112	64
128	0	128
28	168	60
184	56	16
24	96	136
64	32	160
256	0	0
118	62	76
61	92	103
96	32	128
132	52	72
224	0	32
144	112	0
192	64	0
32	144	80
0	0	256
0	0	256
80	88	88
32	16	208
104	48	104
96	44	116
52	124	80
32	32	192
132	36	88
16	96	144
0	0	256
256	0	0
120	80	56
88	128	40
20	94	142
16	32	208
32	64	160
0	232	24
0	0	256
64	192	0
152	0	104
128	32	96
128	128	0
88	64	104
64	48	144
32	32	192
128	0	128
0	0	256
0	64	192
0	256	0
0	64	192
256	0	0
0	256	0
0	0	256
192	64	0
72	0	184
0	224	32
0	128	128
48	64	144
256	0	0
128	64	64
0	0	256
128	16	112
0	64	192
64	48	144
0	0	256
64	68	124
0	0	256
0	0	256
128	64	64
0	0	256
0	192	64
0	0	256
0	64	192
0	168	88
56	48	152
0	80	176
64	0	192
192	64	0
0	176	80
64	192	0
0	196	60
48	88	120
84	72	100
0	0	256
0	0	256
0	0	256
96	96	64
0	0	256
0	64	192
144	48	64
16	0	240
0	0	256
0	64	192
48	32	176
0	64	192
0	64	192
0	0	256
128	0	128
0	0	256
0	256	0
0	0	256
128	0	128
256	0	0
64	0	192
76	140	40
32	96	128
96	0	160
80	96	80
192	64	0
192	64	0
128	64	64
0	0	256
8	8	240
128	128	0
256	0	0
64	0	192
256	0	0
0	256	0
128	64	64
0	256	0
128	96	32
192	64	0
0	0	256
0	32	224
64	32	160
48	72	136
26	38	192
0	96	160
80	20	156
0	0	256
192	0	64
0	32	224
80	0	176
122	36	98
116	64	76
112	64	80
48	48	160
16	92	148
80	0	176
0	0	256
32	96	128
60	120	76
48	32	176
0	0	256
160	96	0
160	80	16
184	40	32
128	0	128
0	48	208
32	0	224
48	48	160
0	160	96
0	0	256
80	160	16
208	0	48
0	184	72
96	160	0
64	144	48
48	160	48
224	32	0
48	176	32
192	0	64
0	128	128
64	96	96
88	168	0
96	40	120
0	96	160
80	64	112
128	128	0
48	96	112
0	128	128
160	96	0
72	32	152
16	48	192
256	0	0
0	0	256
0	64	192
160	96	0
152	56	48
200	28	28
224	32	0
64	160	32
192	32	32
0	32	224
80	56	120
96	40	120
192	64	0
126	60	70
192	64	0
96	68	92
48	80	128
0	256	0
8	32	216
52	106	98
88	120	48
256	0	0
256	0	0
0	0	256
224	0	32
256	0	0
104	52	100
112	80	64
160	0	96
24	0	232
144	88	24
24	88	144
128	48	80
224	32	0
64	48	144
112	48	96
208	24	24
8	168	80
24	96	136
64	48	144
160	64	32
88	88	80
112	128	16
48	12	196
144	88	24
24	168	64
0	160	96
128	64	64
64	0	192
128	64	64
96	96	64
72	80	104
56	158	42
192	64	0
96	64	96
64	64	128
28	172	56
104	16	136
176	56	24
204	0	52
56	96	104
256	0	0
128	16	112
224	32	0
64	192	0
256	0	0
128	96	32
104	32	120
0	160	96
112	120	24
192	64	0
224	32	0
110	48	98
140	60	56
56	16	184
116	92	48
224	32	0
64	128	64
54	120	82
144	32	80
0	176	80
128	64	64
40	184	32
0	0	256
0	8	248
0	256	0
0	0	256
0	80	176
0	32	224
256	0	0
80	40	136
256	0	0
64	80	112
16	80	160
256	0	0
16	48	192
128	128	0
80	16	160
64	64	128
60	32	164
64	0	192
16	0	240
0	0	256
64	0	192
64	64	128
0	0	256
24	184	48
32	80	144
140	24	92
128	32	96
128	64	64
0	192	64
40	136	80
32	224	0
8	160	88
16	132	108
0	0	256
128	64	64
48	36	172
0	128	128
0	256	0
144	112	0
48	48	160
256	0	0
192	0	64
64	0	192
0	0	256
32	96	128
0	128	128
0	232	24
64	24	168
144	64	48
0	0	256
128	128	0
128	0	128
168	32	56
0	256	0
64	0	192
128	32	96
80	80	96
0	256	0
256	0	0
0	0	256
40	112	104
256	0	0
128	0	128
192	24	40
0	0	256
192	0	64
0	64	192
0	96	160
128	0	128
64	72	120
192	0	64
146	6	104
96	82	78
128	0	128
64	96	96
192	64	0
76	96	84
112	96	48
128	0	128
128	128	0
40	200	16
256	0	0
144	112	0
128	128	0
32	0	224
160	48	48
0	0	256
0	64	192
0	0	256
0	0	256
256	0	0
224	32	0
0	0	256
64	0	192
0	64	192
0	64	192
32	224	0
112	96	48
120	136	0
128	88	40
0	0	256
0	32	224
0	16	240
256	0	0
0	0	256
0	0	256
96	160	0
256	0	0
16	40	200
128	88	40
0	40	216
0	0	256
0	0	256
256	0	0
136	44	76
48	152	56
38	170	48
0	0	256
12	224	20
160	32	64
0	0	256
16	140	100
76	98	82
64	192	0
0	64	192
72	72	112
0	32	224
0	240	16
256	0	0
48	64	144
192	64	0
180	0	76
0	0	256
32	64	160
0	0	256
0	0	256
0	80	176
64	0	192
0	0	256
96	0	160
256	0	0
0	0	256
8	8	240
224	0	32
104	64	88
224	0	32
128	64	64
64	192	0
192	0	64
192	0	64
64	64	128
0	256	0
0	64	192
192	0	64
256	0	0
16	112	128
96	32	128
64	0	192
0	0	256
32	32	192
192	64	0
224	0	32
0	128	128
0	256	0
48	128	80
16	192	48
16	16	224
48	136	72
48	64	144
104	48	104
64	0	192
24	56	176
0	256	0
48	144	64
0	64	192
64	0	192
0	256	0
256	0	0
0	128	128
72	32	152
0	64	192
256	0	0
128	128	0
64	0	192
0	0	256
256	0	0
32	160	64
160	0	96
0	0	256
128	128	0
192	0	64
112	96	48
256	0	0
112	64	80
32	144	80
0	96	160
108	76	72
0	96	160
224	0	32
96	0	160
0	256	0
128	32	96
32	32	192
64	0	192
256	0	0
128	112	16
256	0	0
64	128	64
48	96	112
0	112	144
0	96	160
96	160	0
80	64	112
48	96	112
0	0	256
96	160	0
24	16	216
0	0	256
104	32	120
256	0	0
256	0	0
0	32	224
36	184	36
0	64	192
0	0	256
32	16	208
208	48	0
0	0	256
0	0	256
0	0	256
0	0	256
0	0	256
72	16	168
0	0	256
0	224	32
176	0	80
112	0	144
0	96	160
0	0	256
0	64	192
168	24	64
104	116	36
224	8	24
64	0	192
0	0	256
128	80	48
256	0	0
256	0	0
16	72	168
256	0	0
16	224	16
8	24	224
0	224	32
64	0	192
64	0	192
0	256	0
64	72	120
0	0	256
0	0	256
256	0	0
48	16	192
64	64	128
256	0	0
24	72	160
144	72	40
80	0	176
0	112	144
192	0	64
256	0	0
136	72	48
72	120	64
92	84	80
224	0	32
32	48	176
60	180	16
64	96	96
104	152	0
0	256	0
0	64	192
16	0	240
248	0	8
168	20	68
128	0	128
128	96	32
0	64	192
256	0	0
256	0	0
96	160	0
40	96	120
8	128	120
256	0	0
192	0	64
62	24	170
32	0	224
256	0	0
0	48	208
76	66	114
64	0	192
0	208	48
0	0	256
160	0	96
96	32	128
0	0	256
256	0	0
0	96	160
16	80	160
64	0	192
256	0	0
112	16	128
80	8	168
256	0	0
0	0	256
112	64	80
168	0	88
0	0	256
32	0	224
48	160	48
224	0	32
8	56	192
56	32	168
0	0	256
128	128	0
48	100	108
0	0	256
96	0	160
0	0	256
256	0	0
224	0	32
0	0	256
0	224	32
32	0	224
32	4	220
108	34	114
0	0	256
0	0	256
0	0	256
192	0	64
0	144	112
16	32	208
80	32	144
112	136	8
0	96	160
0	32	224
22	186	48
256	0	0
64	160	32
72	136	48
0	0	256
0	128	128
0	192	64
192	32	32
64	0	192
192	0	64
64	96	96
32	64	160
256	0	0
144	32	80
0	104	152
16	32	208
96	40	120
64	48	144
0	96	160
128	0	128
192	32	32
32	192	32
32	40	184
40	216	0
64	128	64
256	0	0
192	0	64
160	96	0
256	0	0
0	160	96
0	72	184
256	0	0
0	64	192
128	64	64
32	128	96
192	0	64
96	64	96
0	64	192
0	64	192
0	0	256
256	0	0
256	0	0
256	0	0
88	120	48
64	128	64
32	0	224
0	0	256
184	40	32
20	68	168
112	32	112
113	64	79
128	128	0
48	88	120
192	0	64
64	128	64
96	16	144
256	0	0
24	224	8
0	192	64
72	96	88
96	160	0
0	0	256
192	0	64
16	64	176
16	240	0
256	0	0
0	0	256
0	0	256
0	0	256
0	64	192
80	176	0
0	0	256
56	112	88
32	104	120
0	256	0
32	128	96
0	112	144
192	32	32
128	16	112
70	42	144
96	64	96
0	128	128
112	0	144
0	0	256
48	0	208
0	32	224
56	128	72
48	82	126
256	0	0
64	40	152
32	112	112
128	32	96
0	256	0
160	64	32
160	72	24
256	0	0
128	0	128
72	88	96
56	88	112
224	0	32
32	96	128
48	64	144
34	168	54
32	128	96
8	24	224
256	0	0
192	0	64
32	160	64
0	56	200
72	36	148
0	0	256
0	0	256
42	66	148
52	116	88
80	16	160
82	144	30
96	112	48
160	0	96
256	0	0
256	0	0
110	62	84
112	0	144
56	112	88
32	96	128
104	112	40
128	0	128
96	0	160
0	0	256
198	54	4
60	48	148
32	96	128
32	96	128
0	64	192
80	80	96
0	0	256
72	144	40
64	192	0
0	232	24
0	96	160
32	160	64
0	0	256
0	0	256
0	64	192
256	0	0
160	54	42
202	34	20
64	192	0
0	0	256
24	32	200
24	0	232
256	0	0
24	176	56
64	96	96
192	64	0
40	152	64
0	256	0
8	0	248
32	152	72
0	96	160
16	240	0
160	96	0
64	96	96
0	0	256
160	0	96
48	176	32
104	64	88
0	256	0
104	124	28
32	64	160
224	0	32
48	16	192
64	64	128
160	80	16
198	28	30
256	0	0
0	0	256
256	0	0
0	64	192
0	0	256
