#topo1 (OUTGROUP,((ann,pet),des));
#topo2 (OUTGROUP,((ann,des),pet));
#topo3 (OUTGROUP,(ann,(pet,des)));
topo1	topo2	topo3
0	128	128
0	192	64
0	0	256
256	0	0
128	64	64
32	64	160
0	48	208
48	0	208
256	0	0
0	0	256
184	24	48
256	0	0
256	0	0
256	0	0
0	256	0
160	0	96
0	256	0
144	64	48
80	168	8
0	256	0
0	0	256
128	128	0
0	256	0
32	160	64
0	256	0
128	128	0
0	256	0
48	144	64
32	224	0
40	200	16
84	16	156
128	72	56
192	0	64
96	96	64
0	32	224
0	0	256
0	256	0
0	0	256
256	0	0
0	192	64
0	0	256
64	32	160
48	32	176
32	128	96
36	180	40
0	32	224
96	16	144
160	0	96
0	0	256
0	0	256
256	0	0
192	48	16
32	8	216
0	0	256
48	96	112
64	80	112
0	0	256
48	0	208
0	256	0
0	0	256
256	0	0
0	96	160
0	0	256
0	128	128
0	0	256
0	0	256
0	16	240
0	0	256
0	0	256
0	0	256
64	0	192
96	128	32
64	48	144
96	32	128
16	240	0
128	64	64
0	128	128
0	0	256
128	0	128
144	48	64
256	0	0
168	24	64
224	32	0
48	48	160
192	64	0
256	0	0
32	96	128
64	36	156
152	24	80
60	144	52
192	64	0
32	216	8
160	32	64
106	90	60
256	0	0
72	112	72
160	96	0
184	72	0
192	0	64
32	96	128
112	32	112
72	104	80
224	32	0
88	112	56
64	128	64
104	104	48
16	128	112
176	24	56
96	96	64
64	96	96
40	24	192
88	96	72
8	152	96
192	0	64
128	24	104
0	64	192
96	64	96
192	0	64
96	124	36
0	0	256
96	64	96
0	64	192
0	0	256
128	0	128
0	64	192
32	72	152
32	160	64
96	136	24
48	96	112
256	0	0
192	0	64
224	24	8
0	128	128
216	0	40
64	64	128
64	0	192
32	96	128
0	128	128
0	256	0
192	64	0
48	140	68
128	64	64
224	32	0
96	160	0
0	256	0
128	32	96
256	0	0
12	176	68
108	32	116
256	0	0
224	0	32
32	224	0
128	0	128
0	0	256
32	24	200
224	0	32
192	64	0
0	0	256
120	0	136
0	0	256
128	128	0
96	88	72
0	192	64
64	0	192
16	192	48
8	80	168
112	96	48
0	96	160
120	16	120
172	64	20
112	0	144
0	32	224
224	0	32
0	0	256
48	128	80
0	64	192
64	0	192
0	0	256
0	48	208
16	0	240
48	96	112
48	112	96
64	0	192
0	0	256
0	0	256
0	0	256
64	0	192
64	96	96
128	0	128
0	256	0
32	0	224
136	40	80
56	112	88
0	64	192
0	64	192
192	0	64
16	96	144
0	64	192
0	32	224
128	64	64
0	0	256
0	0	256
48	16	192
64	140	52
256	0	0
120	80	56
80	176	0
256	0	0
120	100	36
44	76	136
64	32	160
0	64	192
96	32	128
96	64	96
64	64	128
128	0	128
64	32	160
32	0	224
0	0	256
0	64	192
64	0	192
128	64	64
112	64	80
256	0	0
64	0	192
176	32	48
32	192	32
32	216	8
16	48	192
192	48	16
120	0	136
144	64	48
80	112	64
48	32	176
48	66	142
86	124	46
82	28	146
76	120	60
128	128	0
0	256	0
0	256	0
152	0	104
200	48	8
128	128	0
32	208	16
156	36	64
192	0	64
256	0	0
96	0	160
96	64	96
68	136	52
64	16	176
64	0	192
192	0	64
64	176	16
64	0	192
152	28	76
0	0	256
96	112	48
64	128	64
16	200	40
0	96	160
0	80	176
64	0	192
256	0	0
0	64	192
160	32	64
24	88	144
128	64	64
0	0	256
64	192	0
144	72	40
256	0	0
256	0	0
56	32	168
112	112	32
0	192	64
256	0	0
42	56	158
64	0	192
56	48	152
36	124	96
160	96	0
56	192	8
256	0	0
160	58	38
24	24	208
224	0	32
128	32	96
32	224	0
64	0	192
224	0	32
128	32	96
256	0	0
0	48	208
72	64	120
176	16	64
128	128	0
24	56	176
182	34	40
256	0	0
48	64	144
192	0	64
94	70	92
24	56	176
32	224	0
76	56	124
192	32	32
120	64	72
208	48	0
48	38	170
64	80	112
8	72	176
192	0	64
128	128	0
128	0	128
256	0	0
8	0	248
0	0	256
0	0	256
40	204	12
128	128	0
96	160	0
0	256	0
0	0	256
256	0	0
0	0	256
64	32	160
16	128	112
0	0	256
16	144	96
48	176	32
32	160	64
216	24	16
96	0	160
16	16	224
64	160	32
144	0	112
96	64	96
192	0	64
208	0	48
256	0	0
256	0	0
112	80	64
0	256	0
160	64	32
44	80	132
0	96	160
192	0	64
0	0	256
168	56	32
256	0	0
96	64	96
108	112	36
96	160	0
32	0	224
48	64	144
256	0	0
32	224	0
0	0	256
192	64	0
104	56	96
0	128	128
0	0	256
0	0	256
0	0	256
0	224	32
0	32	224
72	128	56
224	0	32
0	224	32
112	96	48
0	0	256
32	168	56
0	32	224
64	0	192
0	0	256
0	0	256
0	0	256
0	256	0
128	128	0
32	192	32
0	64	192
146	54	56
128	0	128
48	0	208
96	72	88
0	48	208
64	0	192
0	192	64
100	68	88
176	64	16
0	0	256
0	64	192
48	104	104
34	176	46
0	0	256
40	24	192
0	0	256
20	0	236
256	0	0
0	32	224
0	0	256
0	0	256
0	0	256
48	0	208
112	144	0
64	0	192
256	0	0
64	64	128
0	0	256
0	96	160
0	0	256
56	24	176
144	48	64
0	0	256
0	0	256
0	0	256
0	32	224
32	160	64
64	128	64
160	0	96
0	0	256
48	16	192
0	0	256
64	0	192
0	0	256
0	0	256
0	0	256
256	0	0
26	168	62
0	128	128
0	256	0
74	114	68
0	0	256
28	84	144
0	96	160
64	0	192
160	32	64
64	0	192
0	256	0
48	0	208
192	64	0
64	0	192
84	16	156
192	0	64
96	0	160
32	0	224
0	128	128
32	224	0
0	256	0
64	192	0
64	0	192
64	192	0
224	0	32
0	48	208
192	0	64
0	40	216
48	0	208
0	0	256
256	0	0
114	46	96
0	176	80
0	64	192
0	0	256
32	0	224
16	48	192
0	64	192
8	104	144
96	144	16
208	16	32
96	32	128
0	64	192
96	32	128
0	64	192
32	56	168
192	64	0
88	72	96
8	52	196
0	192	64
256	0	0
0	192	64
68	8	180
48	184	24
224	0	32
40	176	40
0	80	176
0	208	48
64	0	192
96	120	40
256	0	0
108	40	108
0	64	192
32	0	224
80	32	144
80	16	160
198	52	6
96	128	32
48	0	208
128	64	64
192	0	64
8	0	248
224	0	32
192	32	32
150	36	70
0	64	192
0	0	256
64	96	96
0	0	256
78	72	106
0	224	32
24	128	104
256	0	0
96	96	64
0	0	256
0	0	256
48	8	200
0	64	192
24	174	58
0	0	256
80	72	104
256	0	0
32	16	208
192	64	0
128	0	128
0	64	192
192	64	0
62	134	60
168	0	88
224	0	32
8	160	88
224	32	0
172	12	72
76	132	48
256	0	0
116	12	128
32	40	184
128	72	56
192	32	32
32	224	0
0	192	64
96	0	160
192	64	0
32	192	32
128	64	64
120	64	72
96	160	0
128	0	128
192	0	64
32	0	224
192	0	64
96	16	144
256	0	0
192	0	64
16	56	184
192	64	0
112	128	16
0	0	256
96	64	96
256	0	0
256	0	0
32	224	0
0	256	0
32	192	32
64	192	0
148	0	108
40	24	192
0	128	128
128	64	64
0	0	256
128	0	128
0	128	128
96	128	32
224	0	32
128	128	0
128	128	0
64	0	192
48	112	96
140	92	24
128	32	96
256	0	0
0	160	96
96	0	160
32	192	32
112	0	144
112	128	16
112	112	32
0	256	0
96	64	96
128	0	128
256	0	0
192	0	64
64	64	128
64	36	156
0	128	128
72	0	184
0	256	0
32	80	144
256	0	0
64	64	128
0	192	64
24	112	120
0	0	256
256	0	0
64	0	192
0	0	256
0	0	256
112	112	32
0	0	256
32	0	224
0	0	256
0	64	192
0	256	0
256	0	0
60	48	148
0	0	256
80	80	96
0	256	0
104	80	72
0	0	256
0	0	256
0	256	0
0	0	256
24	192	40
208	0	48
64	64	128
0	256	0
128	64	64
112	50	94
256	0	0
0	64	192
0	160	96
32	144	80
16	96	144
16	144	96
160	48	48
152	32	72
240	0	16
256	0	0
160	0	96
96	112	48
96	96	64
160	96	0
0	64	192
96	32	128
0	0	256
96	64	96
0	0	256
128	64	64
64	0	192
128	128	0
192	0	64
128	64	64
256	0	0
64	192	0
96	0	160
224	32	0
192	0	64
0	0	256
96	128	32
64	160	32
128	128	0
64	64	128
40	40	176
48	160	48
64	64	128
0	0	256
172	36	48
0	256	0
0	0	256
0	192	64
0	96	160
128	64	64
0	256	0
64	0	192
24	208	24
0	0	256
56	160	40
256	0	0
256	0	0
128	0	128
64	112	80
192	0	64
96	64	96
48	128	80
56	112	88
192	64	0
96	96	64
192	0	64
24	16	216
96	0	160
64	64	128
32	0	224
16	0	240
112	144	0
16	216	24
152	24	80
0	160	96
0	0	256
0	0	256
128	64	64
0	32	224
24	0	232
0	0	256
170	24	62
64	0	192
128	128	0
32	128	96
32	40	184
96	64	96
128	40	88
48	0	208
192	64	0
144	16	96
0	0	256
0	128	128
32	184	40
8	192	56
256	0	0
24	208	24
192	64	0
0	192	64
64	64	128
224	0	32
48	144	64
66	116	74
128	128	0
160	0	96
0	0	256
64	80	112
128	88	40
0	200	56
64	128	64
32	208	16
60	156	40
256	0	0
256	0	0
144	64	48
0	0	256
0	24	232
64	128	64
0	192	64
256	0	0
224	32	0
48	16	192
256	0	0
64	80	112
56	72	128
0	0	256
0	0	256
64	128	64
192	0	64
64	160	32
32	168	56
96	64	96
160	96	0
128	64	64
0	128	128
64	112	80
24	40	192
100	60	96
32	120	104
0	96	160
200	18	38
16	16	224
64	192	0
224	16	16
0	192	64
202	28	26
128	64	64
56	128	72
0	0	256
134	50	72
192	0	64
80	96	80
72	68	116
32	0	224
64	80	112
192	32	32
88	112	56
118	114	24
32	64	160
256	0	0
0	64	192
72	136	48
128	0	128
128	0	128
64	160	32
0	144	112
116	42	98
192	64	0
96	160	0
0	0	256
128	64	64
64	112	80
0	128	128
0	144	112
256	0	0
256	0	0
12	228	16
0	64	192
192	0	64
112	144	0
64	0	192
0	64	192
256	0	0
64	144	48
32	32	192
44	32	180
0	48	208
64	0	192
160	24	72
0	240	16
80	128	48
40	128	88
112	144	0
96	96	64
104	120	32
12	168	76
256	0	0
208	0	48
80	96	80
224	32	0
192	64	0
64	0	192
112	80	64
0	256	0
0	256	0
0	64	192
0	0	256
256	0	0
64	192	0
0	64	192
192	64	0
0	80	176
76	40	140
80	96	80
0	256	0
0	0	256
192	64	0
56	88	112
0	64	192
64	16	176
256	0	0
56	0	200
0	128	128
56	152	48
112	80	64
128	0	128
128	0	128
0	256	0
0	256	0
200	40	16
16	192	48
80	100	76
0	48	208
0	0	256
0	128	128
96	0	160
256	0	0
96	48	112
0	256	0
0	64	192
0	64	192
0	0	256
72	88	96
32	24	200
128	128	0
0	0	256
0	0	256
16	16	224
40	112	104
256	0	0
24	126	106
64	128	64
96	0	160
64	80	112
0	0	256
32	0	224
32	80	144
48	176	32
224	0	32
224	0	32
32	32	192
256	0	0
32	96	128
256	0	0
256	0	0
0	0	256
78	106	72
64	160	32
96	104	56
112	144	0
112	0	144
256	0	0
0	192	64
256	0	0
128	0	128
192	0	64
16	112	128
256	0	0
160	96	0
160	32	64
16	224	16
160	32	64
256	0	0
32	96	128
104	72	80
48	104	104
192	64	0
48	32	176
256	0	0
192	64	0
8	24	224
192	0	64
32	32	192
224	0	32
256	0	0
72	64	120
224	0	32
112	48	96
144	56	56
128	96	32
128	72	56
96	8	152
156	52	48
48	48	160
96	0	160
0	32	224
0	32	224
208	24	24
256	0	0
0	0	256
256	0	0
0	96	160
192	64	0
192	0	64
160	64	32
208	0	48
0	128	128
80	96	80
96	128	32
16	120	120
0	64	192
192	64	0
192	64	0
64	32	160
88	80	88
96	112	48
128	0	128
8	0	248
12	96	148
0	64	192
160	0	96
128	64	64
0	0	256
0	0	256
0	24	232
192	0	64
48	64	144
0	144	112
0	0	256
82	144	30
0	0	256
128	0	128
128	128	0
0	0	256
0	64	192
216	0	40
192	64	0
0	0	256
0	16	240
48	112	96
64	64	128
0	0	256
64	192	0
0	0	256
64	0	192
256	0	0
16	88	152
256	0	0
0	0	256
8	20	228
0	32	224
104	88	64
96	128	32
0	0	256
192	0	64
0	256	0
160	0	96
32	0	224
64	176	16
0	0	256
0	256	0
128	128	0
256	0	0
64	64	128
256	0	0
64	32	160
256	0	0
96	32	128
256	0	0
120	0	136
192	64	0
224	8	24
0	256	0
0	40	216
128	0	128
64	192	0
48	176	32
128	128	0
128	32	96
64	0	192
128	32	96
0	256	0
124	42	90
128	128	0
104	48	104
256	0	0
0	64	192
0	0	256
0	64	192
0	0	256
0	0	256
32	0	224
0	0	256
0	0	256
0	0	256
64	0	192
160	78	18
64	0	192
0	0	256
0	0	256
0	0	256
64	64	128
144	84	28
64	64	128
256	0	0
256	0	0
128	0	128
16	160	80
48	208	0
24	160	72
0	0	256
0	0	256
0	0	256
224	32	0
40	64	152
8	208	40
208	0	48
0	192	64
16	104	136
88	64	104
40	176	40
0	96	160
64	192	0
256	0	0
256	0	0
40	136	80
0	64	192
64	0	192
0	16	240
64	0	192
128	0	128
0	48	208
0	0	256
0	0	256
192	0	64
192	64	0
160	64	32
64	64	128
0	0	256
0	32	224
16	8	232
0	256	0
80	0	176
0	128	128
84	100	72
96	128	32
16	64	176
64	192	0
16	224	16
96	128	32
128	128	0
256	0	0
24	160	72
160	0	96
0	64	192
0	64	192
0	0	256
16	0	240
0	0	256
0	0	256
0	0	256
16	32	208
192	64	0
0	64	192
112	88	56
80	48	128
64	64	128
192	64	0
0	0	256
0	0	256
128	0	128
128	96	32
0	0	256
96	128	32
48	184	24
0	0	256
192	0	64
0	0	256
128	64	64
0	0	256
0	0	256
0	192	64
32	0	224
16	64	176
0	128	128
0	0	256
192	0	64
220	36	0
192	32	32
96	16	144
96	96	64
0	0	256
112	16	128
16	144	96
96	128	32
0	0	256
256	0	0
120	56	80
64	0	192
128	0	128
16	192	48
98	90	68
48	144	64
192	0	64
32	128	96
224	32	0
96	48	112
48	208	0
64	96	96
0	160	96
112	48	96
0	0	256
0	128	128
32	0	224
0	256	0
72	100	84
96	64	96
0	0	256
256	0	0
64	192	0
224	32	0
64	48	144
256	0	0
0	0	256
96	160	0
64	32	160
0	48	208
72	60	124
144	60	52
256	0	0
0	0	256
0	0	256
44	142	70
192	64	0
8	202	46
32	224	0
0	0	256
0	128	128
80	48	128
200	0	56
0	0	256
0	0	256
0	0	256
0	112	144
0	0	256
48	128	80
0	256	0
0	256	0
0	256	0
0	0	256
0	0	256
128	0	128
192	0	64
0	0	256
192	0	64
0	256	0
32	84	140
0	232	24
256	0	0
0	160	96
128	0	128
208	0	48
0	192	64
0	64	192
96	96	64
160	0	96
64	0	192
96	32	128
128	0	128
0	64	192
128	0	128
96	32	128
124	36	96
32	128	96
192	64	0
16	0	240
64	128	64
0	0	256
128	0	128
192	0	64
224	32	0
64	48	144
96	0	160
64	64	128
192	32	32
192	64	0
224	0	32
32	0	224
256	0	0
32	64	160
100	108	48
0	32	224
0	0	256
0	256	0
48	144	64
48	144	64
96	16	144
192	64	0
256	0	0
60	92	104
240	16	0
192	0	64
128	128	0
160	0	96
128	0	128
0	64	192
0	0	256
0	64	192
256	0	0
64	0	192
0	256	0
0	0	256
0	0	256
0	0	256
0	0	256
0	64	192
192	0	64
48	48	160
0	256	0
0	32	224
0	0	256
0	0	256
0	0	256
16	4	236
0	0	256
0	0	256
56	92	108
0	80	176
8	24	224
0	96	160
0	0	256
96	32	128
0	64	192
0	0	256
0	0	256
0	256	0
96	160	0
56	152	48
256	0	0
192	0	64
0	0	256
256	0	0
0	256	0
256	0	0
96	160	0
48	192	16
0	64	192
96	0	160
32	224	0
256	0	0
80	114	62
0	0	256
0	256	0
0	0	256
32	32	192
64	0	192
64	0	192
0	0	256
0	0	256
0	0	256
256	0	0
24	48	184
0	256	0
0	0	256
192	0	64
40	48	168
96	0	160
192	64	0
96	96	64
256	0	0
256	0	0
140	84	32
104	20	132
56	48	152
256	0	0
256	0	0
24	192	40
12	112	132
96	76	84
64	0	192
38	106	112
122	78	56
64	0	192
48	96	112
72	88	96
40	124	92
192	0	64
224	0	32
64	0	192
128	128	0
224	32	0
256	0	0
88	26	142
48	208	0
256	0	0
120	96	40
256	0	0
0	256	0
0	0	256
0	256	0
48	0	208
48	64	144
0	64	192
0	256	0
256	0	0
64	0	192
96	112	48
0	256	0
256	0	0
32	96	128
0	64	192
0	256	0
8	56	192
96	32	128
56	72	128
0	64	192
224	32	0
0	0	256
0	32	224
256	0	0
224	0	32
128	128	0
24	64	168
0	0	256
16	32	208
0	16	240
40	24	192
0	0	256
0	256	0
0	0	256
0	0	256
256	0	0
0	0	256
208	0	48
128	0	128
80	112	64
256	0	0
160	96	0
256	0	0
0	128	128
0	0	256
90	40	126
0	0	256
0	0	256
0	0	256
0	0	256
0	64	192
24	8	224
0	0	256
32	0	224
0	0	256
0	128	128
0	0	256
0	0	256
0	72	184
0	0	256
0	0	256
0	0	256
224	0	32
38	74	144
0	0	256
240	16	0
112	32	112
0	0	256
144	48	64
0	0	256
0	176	80
192	0	64
256	0	0
96	96	64
96	0	160
192	0	64
88	40	128
112	42	102
64	64	128
0	0	256
64	0	192
64	128	64
160	96	0
128	0	128
120	64	72
128	128	0
0	0	256
160	96	0
0	256	0
64	16	176
256	0	0
0	0	256
32	0	224
128	128	0
88	80	88
60	68	128
80	144	32
32	128	96
64	160	32
256	0	0
256	0	0
224	32	0
128	0	128
192	0	64
32	24	200
48	112	96
8	36	212
160	16	80
0	128	128
64	72	120
0	192	64
0	128	128
256	0	0
160	96	0
16	208	32
160	0	96
0	0	256
96	104	56
128	0	128
16	208	32
32	224	0
32	16	208
64	96	96
0	96	160
0	64	192
0	0	256
0	256	0
0	0	256
24	104	128
256	0	0
96	96	64
96	0	160
224	0	32
0	128	128
0	16	240
96	64	96
64	0	192
184	0	72
160	96	0
256	0	0
32	224	0
96	64	96
120	32	104
16	104	136
8	80	168
32	160	64
0	128	128
32	32	192
72	128	56
30	94	132
64	128	64
36	184	36
192	0	64
192	32	32
24	128	104
256	0	0
0	256	0
0	0	256
32	64	160
96	160	0
0	192	64
44	94	118
16	114	126
120	88	48
0	0	256
0	160	96
64	192	0
18	90	148
16	48	192
48	16	192
256	0	0
256	0	0
64	0	192
64	96	96
0	32	224
96	0	160
80	136	40
112	48	96
144	0	112
96	104	56
0	256	0
32	0	224
96	0	160
128	0	128
0	0	256
64	192	0
64	0	192
32	160	64
192	0	64
0	256	0
192	0	64
64	128	64
64	192	0
0	32	224
0	32	224
0	224	32
0	64	192
0	0	256
104	24	128
192	0	64
0	0	256
0	64	192
96	0	160
32	224	0
0	192	64
16	128	112
64	0	192
192	0	64
224	32	0
158	2	96
0	0	256
0	0	256
256	0	0
84	76	96
8	80	168
0	0	256
0	0	256
0	0	256
0	0	256
0	32	224
0	0	256
24	24	208
0	0	256
192	0	64
0	0	256
160	0	96
0	0	256
144	0	112
64	192	0
0	0	256
0	0	256
0	160	96
0	64	192
0	0	256
0	0	256
32	0	224
128	0	128
0	128	128
0	0	256
0	0	256
32	0	224
0	0	256
256	0	0
0	0	256
0	0	256
224	0	32
0	0	256
0	192	64
0	256	0
0	0	256
0	0	256
0	0	256
192	32	32
112	16	128
0	0	256
0	8	248
0	0	256
96	96	64
0	0	256
0	0	256
0	0	256
0	0	256
0	0	256
0	0	256
0	0	256
0	0	256
0	0	256
256	0	0
0	0	256
160	80	16
0	0	256
0	160	96
80	32	144
192	32	32
128	64	64
16	96	144
0	224	32
24	0	232
0	0	256
0	0	256
128	128	0
0	0	256
0	0	256
0	0	256
0	0	256
0	0	256
48	80	128
0	0	256
128	0	128
24	24	208
0	0	256
0	0	256
0	16	240
0	0	256
32	0	224
0	32	224
0	0	256
0	0	256
224	0	32
192	0	64
64	32	160
0	32	224
0	224	32
0	32	224
0	0	256
0	0	256
0	0	256
0	256	0
256	0	0
48	64	144
0	0	256
96	0	160
0	0	256
32	32	192
0	0	256
256	0	0
0	256	0
0	32	224
0	0	256
0	0	256
0	48	208
0	192	64
192	0	64
0	0	256
48	144	64
64	0	192
96	0	160
0	0	256
32	32	192
0	0	256
0	0	256
224	32	0
112	72	72
0	0	256
0	0	256
16	96	144
0	0	256
0	112	144
0	96	160
0	0	256
0	0	256
0	0	256
0	0	256
256	0	0
0	0	256
0	0	256
0	0	256
0	0	256
192	0	64
48	0	208
0	0	256
0	0	256
64	0	192
0	0	256
0	0	256
160	0	96
0	0	256
0	0	256
0	0	256
0	0	256
224	0	32
0	0	256
0	0	256
0	0	256
0	0	256
0	0	256
0	0	256
0	0	256
96	0	160
20	60	176
0	64	192
64	192	0
202	38	16
144	40	72
256	0	0
128	64	64
0	0	256
224	32	0
144	64	48
120	112	24
128	32	96
44	34	178
8	160	88
40	104	112
56	104	96
192	0	64
112	128	16
112	48	96
256	0	0
58	108	90
0	0	256
32	216	8
48	176	32
16	24	216
16	16	224
0	0	256
0	32	224
160	48	48
64	0	192
0	0	256
0	64	192
80	68	108
90	70	96
96	112	48
0	256	0
64	64	128
92	60	104
32	120	104
64	48	144
96	64	96
36	124	96
32	192	32
0	0	256
40	112	104
112	64	80
128	48	80
0	256	0
160	32	64
256	0	0
0	192	64
0	256	0
64	128	64
160	0	96
160	0	96
64	160	32
48	48	160
160	96	0
64	80	112
96	64	96
64	56	136
152	0	104
32	64	160
128	128	0
0	128	128
32	32	192
64	0	192
64	0	192
96	64	96
0	0	256
0	32	224
64	0	192
0	0	256
0	64	192
96	56	104
192	0	64
48	0	208
0	0	256
0	0	256
56	32	168
256	0	0
224	0	32
0	0	256
32	208	16
96	96	64
48	116	92
256	0	0
32	112	112
256	0	0
96	32	128
32	0	224
96	0	160
0	192	64
0	256	0
96	0	160
16	78	162
16	120	120
104	28	124
0	0	256
16	16	224
96	32	128
168	48	40
40	40	176
64	64	128
0	96	160
32	160	64
32	128	96
192	64	0
128	32	96
120	40	96
256	0	0
16	32	208
4	124	128
232	24	0
0	0	256
40	78	138
32	0	224
48	136	72
0	0	256
0	256	0
0	0	256
0	16	240
0	8	248
0	256	0
256	0	0
0	128	128
36	80	140
32	32	192
32	224	0
32	152	72
24	232	0
0	160	96
0	0	256
128	0	128
0	64	192
48	144	64
72	104	80
0	0	256
256	0	0
0	192	64
0	0	256
0	256	0
64	64	128
36	12	208
0	256	0
44	64	148
96	40	120
0	0	256
64	64	128
0	0	256
64	96	96
0	96	160
160	32	64
64	192	0
96	48	112
0	64	192
64	16	176
32	0	224
0	64	192
0	64	192
0	0	256
0	0	256
144	24	88
0	0	256
96	0	160
0	0	256
0	0	256
0	0	256
224	0	32
48	0	208
0	56	200
24	8	224
64	0	192
0	192	64
64	8	184
64	0	192
0	0	256
128	64	64
0	0	256
192	64	0
160	0	96
0	256	0
32	192	32
0	0	256
0	64	192
0	64	192
8	216	32
0	0	256
48	144	64
240	16	0
256	0	0
64	0	192
224	0	32
224	32	0
0	0	256
64	0	192
32	128	96
0	256	0
32	0	224
0	256	0
0	0	256
8	0	248
0	112	144
48	32	176
16	16	224
0	0	256
24	48	184
64	48	144
128	64	64
64	160	32
144	48	64
32	48	176
104	104	48
68	68	120
32	176	48
104	52	100
0	0	256
24	224	8
88	66	102
192	64	0
126	52	78
32	192	32
64	48	144
68	76	112
256	0	0
256	0	0
160	32	64
156	32	68
240	8	8
64	64	128
178	22	56
56	24	176
80	80	96
84	136	36
192	0	64
16	72	168
80	104	72
56	128	72
48	160	48
0	128	128
56	88	112
0	0	256
0	0	256
32	32	192
0	0	256
64	32	160
0	0	256
64	0	192
0	128	128
0	64	192
128	128	0
0	64	192
64	192	0
0	256	0
0	128	128
0	128	128
184	72	0
256	0	0
64	162	30
160	96	0
0	192	64
192	0	64
32	128	96
0	0	256
0	0	256
100	36	120
176	80	0
256	0	0
192	0	64
256	0	0
0	0	256
64	64	128
64	0	192
0	128	128
64	80	112
64	192	0
64	48	144
24	32	200
96	0	160
64	0	192
104	96	56
112	84	60
190	54	12
80	168	8
34	84	138
16	104	136
64	96	96
72	172	12
0	0	256
256	0	0
112	96	48
16	96	144
0	192	64
0	256	0
256	0	0
136	64	56
80	112	64
0	0	256
64	88	104
224	32	0
128	0	128
48	0	208
0	0	256
192	64	0
64	64	128
0	256	0
192	64	0
0	0	256
64	0	192
0	0	256
0	0	256
72	0	184
128	0	128
128	0	128
0	80	176
96	96	64
128	0	128
0	0	256
0	0	256
72	48	136
0	0	256
96	144	16
96	96	64
0	64	192
0	128	128
128	32	96
0	0	256
0	0	256
0	0	256
0	0	256
160	96	0
64	64	128
128	128	0
176	24	56
256	0	0
64	192	0
0	64	192
64	0	192
0	24	232
192	0	64
0	160	96
192	0	64
120	96	40
150	26	80
88	0	168
0	128	128
0	0	256
0	128	128
0	0	256
256	0	0
256	0	0
0	192	64
0	160	96
176	32	48
172	60	24
64	32	160
0	128	128
32	224	0
120	88	48
96	160	0
0	0	256
0	192	64
64	128	64
132	60	64
256	0	0
56	176	24
48	0	208
80	176	0
166	44	46
0	64	192
16	48	192
144	112	0
68	96	92
256	0	0
88	76	92
0	0	256
160	32	64
256	0	0
0	0	256
120	40	96
128	56	72
80	124	52
128	64	64
96	160	0
160	0	96
128	128	0
0	0	256
224	32	0
224	0	32
192	64	0
64	0	192
58	54	144
0	16	240
48	208	0
0	0	256
32	102	122
92	40	124
48	144	64
224	0	32
40	120	96
80	168	8
88	160	8
168	32	56
32	0	224
24	56	176
64	104	88
32	48	176
32	80	144
76	100	80
256	0	0
112	16	128
112	72	72
256	0	0
96	0	160
40	72	144
0	192	64
224	32	0
64	112	80
134	88	34
96	32	128
36	110	110
32	0	224
120	40	96
160	32	64
40	176	40
168	88	0
32	192	32
0	0	256
112	48	96
256	0	0
128	128	0
144	0	112
256	0	0
0	192	64
16	56	184
64	64	128
34	172	50
160	96	0
64	32	160
84	72	100
256	0	0
0	0	256
0	32	224
144	32	80
0	0	256
32	0	224
72	72	112
64	0	192
256	0	0
0	120	136
0	0	256
0	32	224
128	0	128
0	64	192
128	0	128
0	128	128
128	0	128
128	0	128
0	0	256
136	40	80
96	64	96
0	0	256
128	64	64
64	192	0
0	192	64
88	36	132
64	128	64
0	64	192
128	0	128
16	168	72
32	32	192
208	0	48
64	64	128
0	64	192
128	128	0
64	96	96
112	16	128
24	72	160
64	128	64
0	256	0
256	0	0
160	0	96
256	0	0
64	128	64
32	96	128
0	224	32
96	64	96
224	16	16
0	256	0
0	0	256
256	0	0
0	256	0
96	32	128
0	256	0
256	0	0
52	48	156
0	256	0
256	0	0
0	0	256
24	56	176
128	64	64
0	0	256
104	64	88
256	0	0
0	256	0
0	0	256
256	0	0
64	0	192
116	52	88
0	0	256
60	84	112
128	0	128
256	0	0
0	64	192
256	0	0
0	64	192
48	112	96
96	0	160
0	0	256
0	0	256
0	0	256
76	148	32
0	0	256
256	0	0
32	32	192
0	0	256
104	110	42
24	80	152
24	88	144
0	256	0
64	0	192
0	0	256
32	32	192
192	0	64
0	0	256
256	0	0
0	0	256
96	160	0
96	16	144
256	0	0
48	48	160
48	58	150
32	0	224
0	0	256
0	0	256
96	96	64
0	64	192
0	0	256
192	32	32
0	0	256
0	144	112
0	0	256
0	240	16
16	120	120
160	0	96
0	256	0
16	96	144
16	112	128
0	64	192
24	48	184
232	0	24
256	0	0
96	16	144
0	224	32
0	0	256
96	96	64
64	36	156
256	0	0
256	0	0
224	32	0
256	0	0
0	96	160
256	0	0
124	84	48
256	0	0
16	80	160
0	40	216
72	114	70
0	60	196
48	160	48
88	66	102
136	56	64
0	112	144
256	0	0
0	208	48
96	0	160
0	0	256
0	256	0
0	0	256
98	104	54
130	72	54
200	20	36
40	112	104
0	0	256
56	96	104
128	80	48
0	0	256
0	256	0
64	128	64
96	112	48
112	96	48
72	24	160
224	32	0
48	96	112
16	112	128
88	0	168
120	96	40
24	120	112
192	64	0
224	0	32
144	40	72
192	0	64
72	152	32
0	160	96
0	120	136
32	224	0
160	0	96
80	168	8
80	64	112
112	96	48
102	18	136
72	40	144
256	0	0
80	120	56
32	64	160
192	0	64
256	0	0
16	88	152
208	16	32
80	96	80
16	64	176
36	100	120
128	16	112
40	48	168
128	0	128
112	112	32
160	0	96
224	32	0
160	48	48
48	48	160
202	6	48
256	0	0
256	0	0
256	0	0
256	0	0
256	0	0
256	0	0
256	0	0
256	0	0
256	0	0
108	82	66
160	32	64
0	192	64
0	0	256
32	0	224
0	48	208
16	0	240
0	96	160
128	0	128
0	0	256
96	32	128
48	96	112
72	24	160
0	0	256
0	0	256
40	80	136
16	32	208
24	48	184
0	0	256
64	0	192
256	0	0
192	0	64
0	0	256
32	0	224
0	0	256
0	0	256
256	0	0
0	192	64
0	0	256
48	48	160
224	0	32
64	96	96
0	0	256
128	128	0
256	0	0
128	96	32
160	96	0
0	224	32
32	104	120
84	90	82
224	24	8
96	128	32
0	64	192
96	0	160
136	96	24
0	256	0
28	142	86
224	32	0
64	32	160
144	32	80
32	0	224
32	0	224
0	256	0
224	32	0
0	0	256
192	64	0
96	128	32
128	128	0
128	0	128
32	112	112
128	64	64
96	48	112
32	16	208
144	64	48
0	64	192
256	0	0
0	16	240
128	0	128
0	128	128
152	48	56
256	0	0
32	128	96
96	136	24
104	80	72
80	48	128
0	48	208
32	144	80
256	0	0
128	0	128
128	32	96
126	100	30
136	80	40
32	224	0
48	64	144
128	64	64
0	256	0
256	0	0
96	48	112
16	176	64
60	118	78
32	24	200
64	64	128
192	0	64
192	0	64
40	48	168
256	0	0
64	0	192
16	88	152
112	0	144
48	128	80
256	0	0
192	16	48
0	192	64
256	0	0
120	32	104
76	128	52
0	64	192
256	0	0
32	48	176
26	92	138
192	8	56
128	0	128
256	0	0
64	192	0
0	0	256
0	32	224
256	0	0
192	64	0
192	64	0
80	112	64
128	0	128
224	32	0
64	96	96
112	144	0
64	32	160
256	0	0
74	96	86
20	178	58
64	40	152
168	64	24
224	0	32
56	96	104
192	64	0
256	0	0
0	0	256
0	0	256
152	18	86
112	96	48
104	40	112
48	40	168
0	120	136
32	32	192
256	0	0
16	96	144
0	0	256
256	0	0
120	56	80
160	72	24
20	94	142
32	0	224
256	0	0
24	160	72
0	0	256
64	192	0
88	168	0
128	32	96
256	0	0
88	64	104
64	48	144
32	32	192
128	0	128
0	0	256
0	64	192
0	256	0
0	64	192
0	0	256
0	256	0
0	0	256
192	64	0
128	0	128
0	224	32
0	128	128
48	64	144
0	192	64
128	0	128
0	0	256
128	16	112
0	64	192
64	48	144
0	0	256
64	68	124
0	0	256
0	0	256
0	128	128
0	0	256
0	192	64
0	0	256
0	64	192
0	168	88
48	64	144
0	80	176
64	0	192
224	32	0
24	184	48
64	192	0
64	192	0
48	88	120
24	144	88
0	0	256
0	0	256
0	0	256
96	96	64
0	0	256
0	64	192
144	48	64
16	0	240
0	256	0
0	64	192
112	0	144
0	64	192
0	64	192
0	0	256
0	144	112
0	0	256
0	256	0
0	0	256
128	0	128
112	16	128
64	0	192
90	108	58
0	96	160
96	0	160
80	96	80
192	64	0
192	64	0
128	64	64
0	0	256
8	8	240
208	48	0
256	0	0
64	0	192
0	0	256
128	64	64
128	64	64
192	64	0
256	0	0
256	0	0
256	0	0
0	32	224
0	192	64
48	72	136
14	38	204
0	96	160
80	20	156
0	0	256
0	240	16
0	32	224
80	0	176
122	36	98
52	108	96
168	72	16
48	48	160
48	44	164
80	0	176
0	0	256
64	56	136
0	160	96
48	32	176
0	0	256
160	96	0
128	128	0
184	16	56
64	0	192
0	48	208
32	0	224
128	48	80
0	160	96
0	0	256
80	80	96
32	224	0
96	160	0
96	96	64
64	144	48
32	160	64
224	32	0
40	144	72
192	0	64
0	128	128
64	96	96
0	224	32
96	40	120
96	0	160
80	64	112
128	128	0
24	168	64
0	128	128
160	96	0
16	64	176
16	48	192
256	0	0
0	0	256
0	64	192
160	32	64
0	128	128
32	224	0
224	32	0
64	160	32
192	32	32
0	32	224
80	56	120
104	48	104
192	64	0
134	36	86
192	64	0
112	52	92
96	80	80
0	0	256
8	32	216
36	130	90
88	120	48
256	0	0
224	32	0
0	0	256
224	0	32
256	0	0
152	104	0
64	80	112
160	0	96
24	0	232
192	40	24
24	88	144
128	48	80
224	0	32
64	48	144
112	48	96
240	8	8
0	184	72
24	96	136
64	48	144
160	64	32
88	48	120
192	0	64
48	12	196
72	88	96
112	40	104
0	160	96
128	64	64
64	0	192
128	64	64
96	96	64
88	64	104
80	124	52
64	80	112
0	64	192
96	32	128
28	172	56
80	40	136
176	56	24
156	48	52
56	96	104
256	0	0
128	16	112
192	0	64
32	24	200
256	0	0
128	96	32
104	32	120
0	160	96
112	36	108
40	176	40
192	64	0
46	64	146
72	128	56
56	16	184
116	92	48
224	32	0
256	0	0
54	120	82
144	32	80
120	0	136
256	0	0
48	176	32
0	0	256
56	0	200
0	96	160
0	0	256
0	128	128
0	32	224
256	0	0
24	48	184
256	0	0
64	144	48
64	80	112
256	0	0
16	48	192
128	128	0
48	96	112
0	128	128
34	66	156
64	0	192
0	48	208
0	0	256
64	0	192
64	64	128
0	0	256
56	168	32
192	0	64
44	96	116
128	32	96
128	64	64
0	192	64
40	136	80
32	192	32
96	128	32
80	112	64
0	0	256
128	64	64
48	36	172
0	0	256
0	64	192
144	112	0
48	48	160
256	0	0
192	0	64
64	0	192
0	0	256
32	96	128
0	128	128
32	192	32
24	56	176
224	8	24
0	0	256
0	176	80
128	0	128
168	32	56
0	256	0
64	0	192
128	32	96
56	104	96
0	32	224
256	0	0
0	0	256
40	112	104
96	0	160
16	96	144
192	24	40
0	0	256
192	0	64
0	64	192
0	0	256
128	0	128
64	72	120
0	96	160
218	6	32
159	45	52
128	0	128
64	96	96
32	224	0
120	104	32
192	64	0
128	0	128
128	96	32
40	200	16
256	0	0
144	112	0
128	128	0
32	0	224
160	48	48
0	0	256
0	64	192
0	0	256
0	0	256
192	0	64
256	0	0
0	0	256
64	0	192
0	64	192
0	64	192
0	224	32
48	48	160
120	136	0
128	104	24
0	0	256
0	32	224
0	16	240
224	32	0
0	0	256
0	0	256
96	160	0
256	0	0
16	40	200
104	96	56
0	40	216
0	0	256
0	0	256
256	0	0
164	36	56
96	64	96
24	190	42
0	0	256
24	224	8
160	32	64
0	0	256
16	140	100
52	172	32
64	192	0
0	64	192
72	16	168
0	32	224
32	0	224
256	0	0
192	0	64
192	64	0
168	0	88
0	0	256
32	64	160
0	0	256
0	0	256
0	80	176
64	0	192
0	0	256
96	0	160
8	128	120
0	256	0
0	64	192
224	0	32
104	64	88
224	0	32
128	64	64
64	64	128
32	64	160
192	16	48
64	64	128
0	256	0
0	64	192
192	0	64
256	0	0
16	112	128
96	32	128
64	0	192
0	0	256
32	32	192
192	64	0
224	0	32
0	128	128
0	256	0
48	128	80
16	192	48
16	16	224
48	136	72
48	64	144
104	48	104
64	0	192
24	56	176
0	256	0
48	160	48
0	64	192
64	0	192
0	256	0
128	0	128
192	64	0
72	32	152
48	160	48
256	0	0
128	128	0
0	256	0
0	0	256
80	16	160
32	160	64
0	192	64
0	0	256
128	128	0
192	0	64
64	192	0
96	0	160
144	56	56
32	144	80
0	96	160
108	76	72
0	96	160
224	32	0
96	0	160
0	256	0
128	32	96
32	32	192
16	112	128
256	0	0
96	16	144
256	0	0
64	128	64
64	96	96
0	112	144
0	256	0
96	160	0
80	64	112
48	96	112
0	0	256
96	160	0
24	16	216
0	0	256
32	96	128
64	192	0
256	0	0
0	32	224
96	64	96
0	0	256
0	0	256
32	16	208
64	0	192
0	0	256
0	0	256
0	0	256
0	0	256
0	0	256
72	16	168
0	0	256
0	224	32
176	0	80
112	0	144
0	96	160
0	0	256
0	64	192
168	24	64
160	64	32
176	56	24
64	0	192
0	0	256
128	80	48
128	0	128
96	96	64
16	72	168
224	0	32
16	240	0
8	24	224
0	224	32
64	0	192
96	16	144
0	0	256
64	72	120
0	0	256
0	0	256
256	0	0
48	16	192
40	140	76
0	256	0
24	72	160
32	144	80
160	16	80
0	112	144
192	0	64
64	32	160
128	96	32
104	16	136
92	84	80
224	0	32
32	48	176
60	180	16
64	96	96
192	64	0
0	256	0
0	64	192
16	0	240
224	0	32
216	20	20
32	0	224
128	64	64
0	64	192
256	0	0
256	0	0
96	64	96
0	104	152
168	16	72
80	56	120
168	24	64
62	24	170
32	0	224
256	0	0
0	48	208
100	30	126
64	0	192
0	208	48
0	0	256
160	0	96
96	32	128
256	0	0
0	0	256
0	96	160
16	80	160
64	192	0
0	256	0
112	16	128
80	8	168
256	0	0
0	0	256
112	64	80
168	0	88
0	0	256
32	0	224
0	256	0
96	64	96
64	0	192
0	32	224
0	0	256
128	128	0
48	100	108
0	0	256
96	0	160
0	0	256
256	0	0
224	32	0
0	0	256
32	0	224
32	0	224
0	8	248
48	54	154
0	0	256
0	0	256
0	0	256
192	0	64
0	32	224
16	32	208
0	48	208
72	72	112
0	96	160
0	32	224
22	186	48
256	0	0
32	224	0
72	136	48
0	0	256
0	128	128
0	192	64
192	32	32
64	0	192
128	64	64
32	96	128
192	64	0
256	0	0
144	32	80
0	104	152
16	32	208
96	104	56
64	48	144
0	96	160
128	0	128
0	96	160
32	192	32
32	40	184
40	216	0
128	0	128
128	128	0
64	64	128
64	0	192
64	0	192
0	160	96
0	72	184
64	0	192
0	64	192
0	128	128
0	160	96
0	160	96
96	64	96
0	64	192
0	64	192
256	0	0
256	0	0
192	0	64
0	0	256
88	120	48
64	128	64
32	0	224
0	0	256
88	24	144
20	68	168
112	32	112
113	64	79
128	128	0
48	48	160
192	0	64
64	128	64
96	16	144
128	96	32
96	0	160
0	192	64
48	136	72
96	160	0
0	256	0
192	0	64
16	64	176
16	240	0
256	0	0
0	0	256
0	0	256
0	0	256
0	64	192
80	176	0
0	0	256
64	128	64
0	112	144
0	256	0
32	128	96
0	112	144
176	48	32
128	16	112
70	42	144
96	64	96
0	128	128
96	80	80
0	0	256
48	0	208
0	32	224
56	128	72
94	12	150
0	208	48
56	56	144
48	88	120
128	32	96
32	128	96
160	64	32
32	192	32
256	0	0
128	0	128
72	160	24
56	88	112
224	0	32
80	176	0
48	64	144
116	8	132
32	128	96
8	24	224
256	0	0
192	0	64
16	180	60
0	64	192
72	36	148
0	0	256
0	0	256
42	66	148
52	116	88
80	16	160
106	120	30
96	112	48
160	0	96
256	0	0
256	0	0
110	62	84
112	0	144
56	112	88
144	0	112
96	80	80
112	16	128
96	0	160
0	0	256
198	54	4
52	80	124
32	96	128
32	96	128
256	0	0
64	192	0
0	0	256
72	144	40
160	0	96
0	232	24
0	96	160
0	160	96
0	0	256
0	0	256
0	64	192
256	0	0
36	42	178
202	34	20
64	192	0
0	0	256
168	64	24
24	0	232
256	0	0
16	176	64
64	96	96
192	64	0
40	152	64
0	256	0
8	0	248
112	48	96
0	96	160
64	0	192
160	96	0
48	16	192
0	0	256
160	0	96
24	176	56
80	96	80
0	96	160
204	48	4
32	64	160
192	0	64
48	16	192
64	64	128
160	80	16
66	106	84
256	0	0
0	0	256
256	0	0
0	64	192
0	0	256
